30
17
20
18
17
17
16
16
16
18
25
36
30
31
32
31
28
31
31
29
36
39
38
45
38
40
40
47
41
43
54
47
49
54
52
57
53
48
58
56
58
59
56
69
59
61
53
67
63
61
11
10
11
11
11
12
11
10
11
11
16
20
19
20
21
18
18
20
19
17
23
26
23
27
29
28
27
29
27
30
34
31
33
32
32
32
32
31
35
34
36
35
35
37
36
36
34
40
38
37
16
15
17
17
17
17
17
15
17
17
30
33
33
32
33
30
32
33
32
33
48
51
50
49
52
47
46
49
48
51
69
60
61
67
67
70
72
67
70
71
89
87
87
86
88
91
82
91
88
94
11
10
11
11
11
13
12
10
10
11
19
22
24
21
22
21
21
23
21
21
34
31
31
30
32
29
29
31
29
32
40
37
38
40
40
41
41
41
41
42
54
52
52
51
53
55
48
54
52
54
16
14
15
16
16
19
15
15
16
16
30
31
33
30
33
31
31
32
31
31
47
47
47
51
53
45
45
53
46
50
65
62
62
65
67
81
68
68
66
68
90
89
85
90
85
90
79
89
85
90
10
9
10
10
9
11
10
9
9
10
18
19
20
19
19
19
19
20
19
19
29
37
29
32
30
28
27
30
29
30
39
37
37
37
39
42
40
40
41
41
51
51
51
52
50
51
45
52
50
60
14
13
13
14
13
12
12
13
13
14
25
28
26
26
25
26
24
25
24
25
41
39
41
42
39
37
41
41
40
44
53
56
56
55
53
55
63
56
55
56
72
82
68
69
70
75
71
75
73
76
18
16
18
18
18
18
16
18
17
18
33
39
132
38
39
38
37
86
32
39
61
60
60
58
56
54
57
56
59
62
89
90
86
80
86
81
90
81
81
89
117
118
116
116
116
121
107
118
114
116
17
16
16
18
18
18
16
18
16
16
34
37
37
39
35
57
36
33
31
40
62
58
72
59
57
53
55
57
60
61
87
89
80
77
89
88
89
80
80
85
116
115
115
120
109
117
109
113
111
108
13
12
13
13
18
13
15
13
14
13
26
26
28
25
26
24
29
25
25
25
42
41
42
38
38
41
40
39
40
42
55
55
69
60
53
60
62
54
58
56
74
77
75
71
73
73
70
74
72
71
