1 18 11 45
2 18 9 29
3 20 13 32
4 19 12 35
5 18 11 29
6 18 15 31
7 19 10 29
8 19 10 29
9 19 11 29
10 20 13 31
11 32 15 45
12 36 21 60
13 32 21 53
14 36 20 56
15 35 22 56
16 35 19 54
17 32 17 48
18 35 21 55
19 36 20 55
20 30 18 47
21 43 23 63
22 45 26 69
23 44 25 67
24 48 28 73
25 42 28 68
26 47 25 71
27 48 25 69
28 49 31 69
29 48 25 63
30 50 28 67
31 58 33 82
32 57 29 73
33 58 30 75
34 58 33 82
35 55 33 80
36 55 34 81
37 55 34 80
38 56 30 75
39 61 36 90
40 58 37 86
41 64 34 89
42 63 36 90
43 60 35 86
44 65 38 93
45 64 36 90
46 66 36 93
47 63 31 81
48 68 42 101
49 67 37 96
50 65 37 93
51 18 4 17
52 18 3 17
53 20 4 17
54 19 4 18
55 18 4 16
56 18 5 19
57 19 4 17
58 19 3 15
59 19 4 17
60 20 5 18
61 32 5 24
62 36 7 31
63 32 7 29
64 36 7 30
65 35 8 33
66 35 6 27
67 32 6 25
68 35 7 27
69 36 7 27
70 30 6 24
71 43 8 32
72 45 9 36
73 44 8 32
74 48 9 36
75 42 9 35
76 47 9 37
77 48 9 37
78 49 10 39
79 48 9 37
80 50 9 37
81 58 11 43
82 57 10 41
83 58 11 43
84 58 11 44
85 55 11 43
86 55 12 43
87 55 11 43
88 56 10 42
89 61 12 47
90 58 12 45
91 64 12 48
92 63 12 46
93 60 12 47
94 65 13 51
95 64 12 49
96 66 12 49
97 63 11 50
98 68 14 54
99 67 13 50
100 65 13 50
101 20 9 22
102 19 8 20
103 20 10 22
104 20 10 23
105 20 11 23
106 19 14 24
107 20 10 22
108 20 8 20
109 20 10 22
110 19 12 23
111 40 15 40
112 40 19 44
113 39 22 45
114 40 18 44
115 38 23 46
116 38 18 41
117 39 18 43
118 40 21 45
119 39 18 43
120 38 18 38
121 59 27 58
122 58 27 56
123 60 27 59
124 58 29 58
125 60 31 82
126 59 25 57
127 59 24 56
128 58 31 59
129 59 26 58
130 60 31 62
131 79 35 83
132 76 29 72
133 76 32 75
134 78 35 81
135 77 35 81
136 76 39 84
137 79 39 86
138 76 35 81
139 78 39 85
140 79 40 86
141 98 45 108
142 96 44 105
143 97 45 105
144 96 43 104
145 98 44 106
146 99 48 110
147 97 38 99
148 97 49 109
149 98 45 107
150 99 51 113
151 20 4 14
152 19 3 12
153 20 4 12
154 20 4 12
155 20 4 12
156 19 5 14
157 20 4 12
158 20 3 11
159 20 4 12
160 19 4 12
161 39 6 21
162 40 8 23
163 39 9 26
164 40 7 23
165 38 8 24
166 38 7 24
167 39 7 23
168 40 8 25
169 39 7 23
170 38 7 23
171 59 11 37
172 58 11 36
173 60 11 36
174 58 11 36
175 60 12 37
176 59 10 36
177 59 10 34
178 58 12 37
179 59 10 34
180 60 12 37
181 79 14 47
182 76 12 43
183 76 13 45
184 78 14 46
185 77 14 53
186 76 15 50
187 79 15 50
188 76 14 50
189 78 15 51
190 79 16 50
191 98 18 64
192 96 18 63
193 97 18 63
194 96 17 60
195 98 18 64
196 99 19 65
197 97 15 58
198 97 19 65
199 98 18 63
200 99 19 64
201 20 11 18
202 20 9 18
203 20 11 18
204 20 11 18
205 20 12 19
206 20 17 22
207 20 11 18
208 20 9 18
209 20 11 19
210 20 13 19
211 40 17 35
212 40 21 37
213 40 25 39
214 40 20 37
215 40 26 40
216 40 21 36
217 40 21 37
218 40 24 38
219 40 20 37
220 40 22 37
221 60 31 56
222 60 32 57
223 60 31 56
224 60 33 60
225 60 36 62
226 60 28 55
227 60 27 52
228 60 36 62
229 60 30 55
230 60 35 62
231 80 41 81
232 80 36 77
233 79 38 77
234 80 42 81
235 80 43 83
236 80 47 86
237 80 45 85
238 80 41 82
239 79 43 82
240 80 45 84
241 100 52 108
242 100 52 108
243 99 51 103
244 100 51 104
245 99 51 103
246 100 55 109
247 99 43 97
248 100 57 111
249 100 51 104
250 100 59 109
251 20 4 12
252 20 3 10
253 20 4 12
254 20 4 11
255 20 4 11
256 20 5 12
257 20 4 11
258 20 3 10
259 20 4 11
260 20 4 11
261 40 6 20
262 40 7 21
263 40 8 22
264 40 7 21
265 40 8 22
266 40 7 21
267 40 7 21
268 40 8 22
269 40 7 21
270 40 7 21
271 60 11 30
272 60 11 32
273 60 10 29
274 60 11 31
275 60 11 31
276 60 10 57
277 60 9 30
278 60 12 32
279 60 10 31
280 60 12 32
281 80 14 41
282 80 12 38
283 79 13 38
284 80 13 40
285 80 14 40
286 80 15 42
287 80 14 40
288 80 14 40
289 79 14 39
290 80 15 41
291 100 18 52
292 100 17 52
293 99 17 52
294 100 17 53
295 99 17 51
296 100 18 53
297 99 15 47
298 100 18 54
299 100 17 52
300 100 19 53
301 20 8 13
302 20 7 13
303 20 8 13
304 19 9 14
305 20 7 13
306 20 7 12
307 20 6 12
308 20 7 12
309 20 8 13
310 19 9 14
311 38 14 24
312 39 17 28
313 40 14 26
314 39 16 25
315 38 16 25
316 40 16 26
317 39 14 24
318 40 15 26
319 40 12 24
320 39 15 25
321 59 24 41
322 59 20 38
323 60 22 41
324 60 24 42
325 60 20 39
326 60 18 37
327 60 23 41
328 59 23 41
329 60 22 40
330 60 27 43
331 77 29 53
332 79 32 56
333 80 31 55
334 80 29 54
335 78 28 49
336 79 31 56
337 80 32 57
338 80 30 55
339 80 30 56
340 79 31 55
341 98 36 71
342 97 39 72
343 99 32 66
344 96 33 69
345 99 33 69
346 97 40 75
347 100 35 71
348 99 37 73
349 98 35 71
350 99 40 77
351 19 19 18
352 20 15 16
353 20 17 18
354 20 17 18
355 20 19 18
356 20 17 18
357 20 15 16
358 20 17 17
359 20 17 18
360 20 17 18
361 39 30 33
362 40 35 47
363 40 35 39
364 40 35 39
365 40 35 38
366 40 34 37
367 39 33 37
368 40 28 33
369 39 25 31
370 40 36 56
371 60 54 62
372 60 53 63
373 60 52 60
374 60 50 58
375 59 47 53
376 59 44 54
377 59 49 57
378 59 47 56
379 59 52 59
380 60 55 61
381 80 67 88
382 80 68 89
383 80 65 87
384 80 61 80
385 78 66 86
386 79 64 81
387 80 68 89
388 80 63 79
389 80 63 81
390 79 68 89
391 99 83 117
392 100 83 122
393 99 83 117
394 97 84 117
395 100 81 142
396 99 86 124
397 97 74 108
398 99 84 118
399 99 80 112
400 97 83 113
401 19 18 17
402 20 15 15
403 20 16 18
404 20 17 19
405 20 18 18
406 20 17 18
407 20 14 15
408 20 17 18
409 20 16 16
410 20 16 16
411 40 31 33
412 39 34 37
413 40 33 38
414 40 35 38
415 40 32 35
416 40 31 34
417 40 32 34
418 40 27 32
419 39 24 30
420 40 35 38
421 59 52 59
422 59 49 57
423 60 51 59
424 60 48 57
425 60 47 56
426 59 42 53
427 58 46 54
428 60 48 57
429 60 53 60
430 60 53 60
431 79 66 87
432 80 68 88
433 80 63 79
434 80 58 75
435 80 67 85
436 80 65 87
437 80 67 88
438 80 61 79
439 80 60 78
440 78 65 85
441 100 82 116
442 99 78 112
443 100 83 116
444 100 86 119
445 99 76 109
446 100 83 118
447 100 76 104
448 98 81 107
449 99 77 111
450 96 77 109
451 19 9 14
452 20 6 12
453 20 8 12
454 20 8 13
455 20 9 14
456 20 8 13
457 20 10 15
458 20 7 13
459 20 9 14
460 20 8 13
461 40 15 26
462 40 15 26
463 40 17 28
464 40 15 25
465 39 16 26
466 40 12 24
467 40 19 32
468 39 13 26
469 40 15 26
470 40 16 26
471 60 25 42
472 59 22 41
473 60 24 42
474 60 19 38
475 59 20 39
476 60 23 41
477 60 23 40
478 60 20 39
479 60 22 40
480 59 24 42
481 80 30 55
482 80 29 55
483 80 26 53
484 79 30 55
485 79 27 53
486 80 29 55
487 80 33 62
488 80 26 52
489 79 32 56
490 79 30 55
491 98 36 75
492 99 41 78
493 98 39 76
494 99 34 71
495 100 37 74
496 97 38 74
497 99 33 70
498 99 38 74
499 98 37 73
500 98 36 71
