1 18 11 45
2 18 9 27
3 20 13 28
4 19 12 26
5 18 11 25
6 18 15 26
7 19 10 25
8 19 10 27
9 19 11 25
10 20 13 25
11 32 15 34
12 36 21 47
13 32 21 40
14 36 20 43
15 35 22 42
16 35 19 43
17 32 17 37
18 35 21 41
19 36 20 41
20 30 18 39
21 43 23 47
22 45 26 51
23 44 25 49
24 48 28 53
25 42 28 49
26 47 25 53
27 48 25 53
28 49 31 57
29 48 25 53
30 50 28 58
31 58 33 69
32 57 29 79
33 58 30 65
34 58 33 69
35 55 33 66
36 55 34 69
37 55 34 70
38 56 30 61
39 61 36 73
40 58 37 72
41 64 34 75
42 63 36 75
43 60 35 73
44 65 38 82
45 64 36 76
46 66 36 77
47 63 31 75
48 68 42 84
49 67 37 75
50 65 37 69
51 18 4 19
52 18 3 15
53 20 4 16
54 19 4 16
55 18 4 14
56 18 5 15
57 19 4 15
58 19 3 14
59 19 4 15
60 20 5 18
61 32 5 23
62 36 7 26
63 32 7 25
64 36 7 27
65 35 8 26
66 35 6 25
67 32 6 23
68 35 7 25
69 36 7 24
70 30 6 26
71 43 8 30
72 45 9 32
73 44 8 30
74 48 9 33
75 42 9 32
76 47 9 33
77 48 9 32
78 49 10 36
79 48 9 35
80 50 9 33
81 58 11 42
82 57 10 38
83 58 11 39
84 58 11 39
85 55 11 39
86 55 12 39
87 55 11 37
88 56 10 37
89 61 12 40
90 58 12 39
91 64 12 43
92 63 12 42
93 60 12 41
94 65 13 43
95 64 12 42
96 66 12 69
97 63 11 42
98 68 14 49
99 67 13 43
100 65 13 40
101 20 9 25
102 19 8 22
103 20 10 22
104 20 10 23
105 20 11 22
106 19 14 21
107 20 10 20
108 20 8 20
109 20 10 19
110 19 12 23
111 40 15 33
112 40 19 37
113 39 22 38
114 40 18 35
115 38 23 36
116 38 18 35
117 39 18 35
118 40 21 40
119 39 18 34
120 38 18 33
121 59 27 52
122 58 27 50
123 60 27 51
124 58 29 50
125 60 31 54
126 59 25 54
127 59 24 52
128 58 31 52
129 59 26 50
130 60 31 53
131 79 35 74
132 76 29 63
133 76 32 65
134 78 35 71
135 77 35 69
136 76 39 73
137 79 39 72
138 76 35 70
139 78 39 74
140 79 40 75
141 98 45 98
142 96 44 90
143 97 45 91
144 96 43 90
145 98 44 94
146 99 48 95
147 97 38 85
148 97 49 94
149 98 45 99
150 99 51 97
151 20 4 14
152 19 3 12
153 20 4 12
154 20 4 19
155 20 4 19
156 19 5 17
157 20 4 15
158 20 3 16
159 20 4 13
160 19 4 14
161 39 6 20
162 40 8 24
163 39 9 25
164 40 7 22
165 38 8 22
166 38 7 27
167 39 7 25
168 40 8 25
169 39 7 25
170 38 7 20
171 59 11 33
172 58 11 36
173 60 11 38
174 58 11 36
175 60 12 34
176 59 10 32
177 59 10 31
178 58 12 34
179 59 10 33
180 60 12 38
181 79 14 42
182 76 12 37
183 76 13 40
184 78 14 41
185 77 14 42
186 76 15 45
187 79 15 44
188 76 14 42
189 78 15 44
190 79 16 43
191 98 18 55
192 96 18 58
193 97 18 55
194 96 17 53
195 98 18 55
196 99 19 73
197 97 15 51
198 97 19 57
199 98 18 56
200 99 19 56
201 20 11 18
202 20 9 17
203 20 11 18
204 20 11 17
205 20 12 19
206 20 17 26
207 20 11 19
208 20 9 17
209 20 11 18
210 20 13 18
211 40 17 31
212 40 21 35
213 40 25 38
214 40 20 33
215 40 26 37
216 40 21 33
217 40 21 34
218 40 24 36
219 40 20 41
220 40 22 35
221 60 31 53
222 60 32 50
223 60 31 47
224 60 33 51
225 60 36 54
226 60 28 47
227 60 27 45
228 60 36 52
229 60 30 46
230 60 35 52
231 80 41 67
232 80 36 65
233 79 38 66
234 80 42 68
235 80 43 69
236 80 47 71
237 80 45 70
238 80 41 72
239 79 43 73
240 80 45 71
241 100 52 89
242 100 52 89
243 99 51 86
244 100 51 89
245 99 51 89
246 100 55 93
247 99 43 81
248 100 57 93
249 100 51 90
250 100 59 116
251 20 4 14
252 20 3 13
253 20 4 16
254 20 4 14
255 20 4 11
256 20 5 12
257 20 4 12
258 20 3 13
259 20 4 13
260 20 4 12
261 40 6 20
262 40 7 21
263 40 8 21
264 40 7 20
265 40 8 23
266 40 7 22
267 40 7 20
268 40 8 22
269 40 7 20
270 40 7 21
271 60 11 31
272 60 11 33
273 60 10 34
274 60 11 32
275 60 11 32
276 60 10 30
277 60 9 29
278 60 12 33
279 60 10 34
280 60 12 32
281 80 14 41
282 80 12 38
283 79 13 42
284 80 13 38
285 80 14 42
286 80 15 43
287 80 14 42
288 80 14 42
289 79 14 41
290 80 15 44
291 100 18 52
292 100 17 54
293 99 17 113
294 100 17 54
295 99 17 52
296 100 18 53
297 99 15 50
298 100 18 53
299 100 17 53
300 100 19 55
301 20 8 16
302 20 7 15
303 20 8 15
304 19 9 16
305 20 7 18
306 20 7 17
307 20 6 13
308 20 7 16
309 20 8 14
310 19 9 16
311 38 14 27
312 39 17 34
313 40 14 30
314 39 16 28
315 38 16 30
316 40 16 28
317 39 14 26
318 40 15 29
319 40 12 31
320 39 15 27
321 59 24 43
322 59 20 41
323 60 22 43
324 60 24 43
325 60 20 41
326 60 18 41
327 60 23 48
328 59 23 43
329 60 22 41
330 60 27 49
331 77 29 55
332 79 32 59
333 80 31 62
334 80 29 58
335 78 28 55
336 79 31 62
337 80 32 60
338 80 30 90
339 80 30 59
340 79 31 58
341 98 36 89
342 97 39 76
343 99 32 76
344 96 33 70
345 99 33 72
346 97 40 78
347 100 35 73
348 99 37 76
349 98 35 73
350 99 40 78
351 19 19 20
352 20 15 18
353 20 17 20
354 20 17 20
355 20 19 21
356 20 17 20
357 20 15 19
358 20 17 20
359 20 17 21
360 20 17 22
361 39 30 35
362 40 35 42
363 40 35 40
364 40 35 42
365 40 35 40
366 40 34 40
367 39 33 40
368 40 28 35
369 39 25 33
370 40 36 41
371 60 54 63
372 60 53 62
373 60 52 62
374 60 50 61
375 59 47 58
376 59 44 56
377 59 49 60
378 59 47 58
379 59 52 65
380 60 55 64
381 80 67 93
382 80 68 93
383 80 65 91
384 80 61 84
385 78 66 90
386 79 64 84
387 80 68 92
388 80 63 84
389 80 63 85
390 79 68 93
391 99 83 119
392 100 83 121
393 99 83 119
394 97 84 121
395 100 81 118
396 99 86 123
397 97 74 112
398 99 84 124
399 99 80 119
400 97 83 119
401 19 18 19
402 20 15 17
403 20 16 18
404 20 17 22
405 20 18 22
406 20 17 20
407 20 14 24
408 20 17 22
409 20 16 21
410 20 16 22
411 40 31 37
412 39 34 45
413 40 33 43
414 40 35 41
415 40 32 37
416 40 31 36
417 40 32 36
418 40 27 36
419 39 24 35
420 40 35 41
421 59 52 61
422 59 49 59
423 60 51 61
424 60 48 63
425 60 47 61
426 59 42 57
427 58 46 58
428 60 48 60
429 60 53 65
430 60 53 64
431 79 66 93
432 80 68 92
433 80 63 86
434 80 58 79
435 80 67 93
436 80 65 89
437 80 67 92
438 80 61 84
439 80 60 86
440 78 65 89
441 100 82 118
442 99 78 115
443 100 83 118
444 100 86 121
445 99 76 113
446 100 83 121
447 100 76 112
448 98 81 116
449 99 77 112
450 96 77 111
451 19 9 16
452 20 6 18
453 20 8 15
454 20 8 15
455 20 9 18
456 20 8 15
457 20 10 17
458 20 7 15
459 20 9 17
460 20 8 15
461 40 15 28
462 40 15 29
463 40 17 31
464 40 15 28
465 39 16 28
466 40 12 26
467 40 19 30
468 39 13 26
469 40 15 28
470 40 16 27
471 60 25 44
472 59 22 42
473 60 24 45
474 60 19 41
475 59 20 40
476 60 23 43
477 60 23 43
478 60 20 41
479 60 22 41
480 59 24 45
481 80 30 61
482 80 29 60
483 80 26 56
484 79 30 63
485 79 27 57
486 80 29 58
487 80 33 64
488 80 26 56
489 79 32 59
490 79 30 56
491 98 36 74
492 99 41 86
493 98 39 79
494 99 34 74
495 100 37 76
496 97 38 76
497 99 33 72
498 99 38 79
499 98 37 76
500 98 36 75
11,9,13,12,11,15,10,10,11,13,15,21,21,20,22,19,17,21,20,18,23,26,25,28,28,25,25,31,25,28,33,29,30,33,33,34,34,30,36,37,34,36,35,38,36,36,31,42,37,37,4,3,4,4,4,5,4,3,4,5,5,7,7,7,8,6,6,7,7,6,8,9,8,9,9,9,9,10,9,9,11,10,11,11,11,12,11,10,12,12,12,12,12,13,12,12,11,14,13,13,9,8,10,10,11,14,10,8,10,12,15,19,22,18,23,18,18,21,18,18,27,27,27,29,31,25,24,31,26,31,35,29,32,35,35,39,39,35,39,40,45,44,45,43,44,48,38,49,45,51,4,3,4,4,4,5,4,3,4,4,6,8,9,7,8,7,7,8,7,7,11,11,11,11,12,10,10,12,10,12,14,12,13,14,14,15,15,14,15,16,18,18,18,17,18,19,15,19,18,19,11,9,11,11,12,17,11,9,11,13,17,21,25,20,26,21,21,24,20,22,31,32,31,33,36,28,27,36,30,35,41,36,38,42,43,47,45,41,43,45,52,52,51,51,51,55,43,57,51,59,4,3,4,4,4,5,4,3,4,4,6,7,8,7,8,7,7,8,7,7,11,11,10,11,11,10,9,12,10,12,14,12,13,13,14,15,14,14,14,15,18,17,17,17,17,18,15,18,17,19,8,7,8,9,7,7,6,7,8,9,14,17,14,16,16,16,14,15,12,15,24,20,22,24,20,18,23,23,22,27,29,32,31,29,28,31,32,30,30,31,36,39,32,33,33,40,35,37,35,40,19,15,17,17,19,17,15,17,17,17,30,35,35,35,35,34,33,28,25,36,54,53,52,50,47,44,49,47,52,55,67,68,65,61,66,64,68,63,63,68,83,83,83,84,81,86,74,84,80,83,18,15,16,17,18,17,14,17,16,16,31,34,33,35,32,31,32,27,24,35,52,49,51,48,47,42,46,48,53,53,66,68,63,58,67,65,67,61,60,65,82,78,83,86,76,83,76,81,77,77,9,6,8,8,9,8,10,7,9,8,15,15,17,15,16,12,19,13,15,16,25,22,24,19,20,23,23,20,22,24,30,29,26,30,27,29,33,26,32,30,36,41,39,34,37,38,33,38,37,36,