40
0.013333333333333334
0.013333333333333334
0.22
0.15333333333333332
0.10666666666666667
0.15333333333333332
0.14666666666666667
0.05
0.27
0.32666666666666666
0.18
0.24
0.02666666666666667
0.16333333333333333
0.06333333333333334
0.24333333333333335
0.3333333333333333
0.07333333333333333
0.31666666666666665
0.023333333333333334
0.27
0.24
0.23333333333333334
0.31666666666666665
0.016666666666666666
0.29333333333333333
0.22
0.31333333333333335
0.20666666666666667
0.30666666666666664
0.13
0.30666666666666664
0.24666666666666667
0.13333333333333333
0.26
0.04
0.32
0.06666666666666667
0.016666666666666666
0.02666666666666667
