100
0.24666666666666667
0.25
0.16
0.056666666666666664
0.12
0.31666666666666665
0.05333333333333334
0.17666666666666667
0.32666666666666666
0.23333333333333334
0.09
0.18666666666666668
0.26666666666666666
0.18333333333333332
0.23333333333333334
0.15666666666666668
0.13333333333333333
0.13333333333333333
0.23
0.27
0.22
0.15333333333333332
0.25666666666666665
0.16
0.26666666666666666
0.1
0.2833333333333333
0.23333333333333334
0.12666666666666668
0.2633333333333333
0.05
0.006666666666666667
0.09333333333333334
0.05333333333333334
0.07
0.11
0.24333333333333335
0.3233333333333333
0.31333333333333335
0.2866666666666667
0.09333333333333334
0.03666666666666667
0.18333333333333332
0.05333333333333334
0.27666666666666667
0.2633333333333333
0.19666666666666666
0.04
0.19666666666666666
0.19333333333333333
0.32
0.32
0.043333333333333335
0.12
0.29333333333333333
0.07666666666666666
0.10666666666666667
0.11666666666666667
0.3
0.27666666666666667
0.13
0.04
0.30333333333333334
0.33
0.3
0.18
0.04666666666666667
0.08
0.24666666666666667
0.2833333333333333
0.04666666666666667
0.16333333333333333
0.04
0.19666666666666666
0.26666666666666666
0.31666666666666665
0.20333333333333334
0.22
0.11
0.06
0.03
0.09333333333333334
0.10333333333333333
0.023333333333333334
0.26
0.3333333333333333
0.20333333333333334
0.28
0.08333333333333333
0.23666666666666666
0.15333333333333332
0.016666666666666666
0.12333333333333334
0.21333333333333335
0.14
0.19666666666666666
0.12666666666666668
0.11333333333333333
0.12333333333333334
0.22333333333333333
