80
0.15666666666666668
0.23666666666666666
0.0033333333333333335
0.19666666666666666
0.0033333333333333335
0.056666666666666664
0.09
0.29333333333333333
0.29333333333333333
0.17
0.1
0.05333333333333334
0.1
0.09333333333333334
0.33
0.21666666666666667
0.2733333333333333
0.13
0.19
0.30666666666666664
0.11333333333333333
0.013333333333333334
0.19333333333333333
0.28
0.02
0.2633333333333333
0.30333333333333334
0.21666666666666667
0.18666666666666668
0.18
0.26666666666666666
0.2966666666666667
0.24
0.16666666666666666
0.26
0.15333333333333332
0.25333333333333335
0.07666666666666666
0.25333333333333335
0.19333333333333333
0.08
0.20666666666666667
0.32
0.26666666666666666
0.013333333333333334
0.3
0.30666666666666664
0.006666666666666667
0.13
0.20333333333333334
0.18333333333333332
0.14666666666666667
0.2833333333333333
0.21333333333333335
0.02
0.21333333333333335
0.09666666666666666
0.07666666666666666
0.3333333333333333
0.16666666666666666
0.31666666666666665
0.30333333333333334
0.09
0.08
0.13
0.19666666666666666
0.03
0.14
0.16
0.16333333333333333
0.0033333333333333335
0.30666666666666664
0.15
0.05
0.30666666666666664
0.3233333333333333
0.2866666666666667
0.16
0.016666666666666666
0.043333333333333335
