80
0.19
0.11333333333333333
0.17333333333333334
0.1
0.09
0.09666666666666666
0.2
0.25
0.21
0.15
0.2633333333333333
0.17333333333333334
0.2866666666666667
0.13
0.3233333333333333
0.27666666666666667
0.18
0.32666666666666666
0.12
0.08666666666666667
0.18
0.15
0.17666666666666667
0.22333333333333333
0.03
0.12
0.11666666666666667
0.1
0.25
0.2
0.02
0.23333333333333334
0.13333333333333333
0.12666666666666668
0.06666666666666667
0.25
0.08666666666666667
0.09
0.22333333333333333
0.23
0.2966666666666667
0.05
0.23
0.023333333333333334
0.06
0.08
0.27
0.25666666666666665
0.11666666666666667
0.03666666666666667
0.30666666666666664
0.006666666666666667
0.32
0.21
0.08333333333333333
0.12666666666666668
0.3
0.013333333333333334
0.11666666666666667
0.24333333333333335
0.12666666666666668
0.29333333333333333
0.03666666666666667
0.09666666666666666
0.3233333333333333
0.016666666666666666
0.25
0.20666666666666667
0.18333333333333332
0.25666666666666665
0.27666666666666667
0.20333333333333334
0.11666666666666667
0.19666666666666666
0.07666666666666666
0.16
0.30333333333333334
0.13333333333333333
0.06
0.2633333333333333
