100
0.31666666666666665
0.16666666666666666
0.03666666666666667
0.3333333333333333
0.24333333333333335
0.06333333333333334
0.2
0.17333333333333334
0.27666666666666667
0.25333333333333335
0.29
0.01
0.16
0.25666666666666665
0.2633333333333333
0.25333333333333335
0.08
0.03666666666666667
0.2
0.08666666666666667
0.33
0.33
0.28
0.14
0.31666666666666665
0.32666666666666666
0.13666666666666666
0.15333333333333332
0.22666666666666666
0.32
0.17666666666666667
0.31333333333333335
0.023333333333333334
0.05333333333333334
0.25
0.24666666666666667
0.11333333333333333
0.04
0.32
0.03
0.016666666666666666
0.25
0.13
0.18
0.03
0.08333333333333333
0.19666666666666666
0.33
0.22333333333333333
0.06666666666666667
0.15
0.21666666666666667
0.12
0.15666666666666668
0.06333333333333334
0.02666666666666667
0.013333333333333334
0.09333333333333334
0.12333333333333334
0.06
0.31333333333333335
0.06666666666666667
0.29
0.05
0.2
0.04
0.30666666666666664
0.18666666666666668
0.31
0.08333333333333333
0.023333333333333334
0.09666666666666666
0.043333333333333335
0.05
0.07333333333333333
0.19333333333333333
0.26
0.23333333333333334
0.19333333333333333
0.3233333333333333
0.25
0.04666666666666667
0.23666666666666666
0.11666666666666667
0.08666666666666667
0.006666666666666667
0.17
0.31333333333333335
0.29333333333333333
0.07333333333333333
0.06
0.10333333333333333
0.16666666666666666
0.3233333333333333
0.09666666666666666
0.11
0.11
0.27666666666666667
0.24
0.08
