60
0.24666666666666667
0.25
0.16
0.056666666666666664
0.12
0.31666666666666665
0.05333333333333334
0.17666666666666667
0.32666666666666666
0.23333333333333334
0.09
0.18666666666666668
0.26666666666666666
0.18333333333333332
0.23333333333333334
0.15666666666666668
0.13333333333333333
0.13333333333333333
0.23
0.27
0.22
0.15333333333333332
0.25666666666666665
0.16
0.26666666666666666
0.1
0.2833333333333333
0.23333333333333334
0.12666666666666668
0.2633333333333333
0.05
0.006666666666666667
0.09333333333333334
0.05333333333333334
0.07
0.11
0.24333333333333335
0.3233333333333333
0.31333333333333335
0.2866666666666667
0.09333333333333334
0.03666666666666667
0.18333333333333332
0.05333333333333334
0.27666666666666667
0.2633333333333333
0.19666666666666666
0.04
0.19666666666666666
0.19333333333333333
0.32
0.32
0.043333333333333335
0.12
0.29333333333333333
0.07666666666666666
0.10666666666666667
0.11666666666666667
0.3
0.27666666666666667
