60
0.2633333333333333
0.07
0.13333333333333333
0.31333333333333335
0.23333333333333334
0.30666666666666664
0.04666666666666667
0.08666666666666667
0.16333333333333333
0.13333333333333333
0.29
0.04
0.24
0.18
0.27
0.03333333333333333
0.09
0.18666666666666668
0.17666666666666667
0.02
0.12333333333333334
0.006666666666666667
0.30333333333333334
0.08
0.19333333333333333
0.27
0.05333333333333334
0.06333333333333334
0.25666666666666665
0.04666666666666667
0.2833333333333333
0.2633333333333333
0.06
0.19333333333333333
0.29
0.09333333333333334
0.12333333333333334
0.0033333333333333335
0.14666666666666667
0.07
0.07
0.22
0.03666666666666667
0.15333333333333332
0.31
0.023333333333333334
0.26
0.08666666666666667
0.03
0.05
0.21666666666666667
0.056666666666666664
0.19333333333333333
0.03333333333333333
0.1
0.023333333333333334
0.20333333333333334
0.16666666666666666
0.20333333333333334
0.06
