40
0.05333333333333334
0.24
0.04
0.08
0.10666666666666667
0.30333333333333334
0.2966666666666667
0.16
0.08333333333333333
0.03
0.06666666666666667
0.05333333333333334
0.2833333333333333
0.16
0.20666666666666667
0.05333333333333334
0.10666666666666667
0.21666666666666667
0.013333333333333334
0.23666666666666666
0.07666666666666666
0.15666666666666668
0.22333333333333333
0.12333333333333334
0.15333333333333332
0.06
0.023333333333333334
0.0033333333333333335
0.08333333333333333
0.10666666666666667
0.04
0.29333333333333333
0.04666666666666667
0.2633333333333333
0.02
0.17
0.006666666666666667
0.27
0.14666666666666667
0.26666666666666666
