99
0.675
0.2
0.1
0.5
0.2
0.825
0.825
0.7
0.325
0.775
0.8
0.275
0.325
0.5
0.75
0.35
0.7
0.825
0.025
0.525
0.5
0.15
0.825
0.675
0.775
0.75
0.475
0.15
0.275
0.875
0.3
0.65
0.35
0.8
0.15
0.325
0.05
0.125
0.75
0.675
0.625
0.825
0.875
0.725
0.5
0.725
0.425
0.65
0.175
0.625
0.45
0.125
0.425
0.7
0.55
0.725
0.575
0.575
0.65
0.075
0.25
0.175
0.05
0.375
0.175
0.525
0.15
0.7
0.6
0.4
0.8
0.3
0.25
0.525
0.5
0.6
0.75
0.3
0.55
0.6
0.575
0.125
0.025
0.475
0.2
0.85
0.875
0.75
0.4
0.875
0.05
0.425
0.475
0.7
0.075
0.6
0.075
0.225
0.3
