60
0.023333333333333334
0.11666666666666667
0.29
0.27666666666666667
0.26666666666666666
0.22333333333333333
0.22
0.10333333333333333
0.17666666666666667
0.18
0.29333333333333333
0.15333333333333332
0.16
0.17
0.14666666666666667
0.16
0.06666666666666667
0.15666666666666668
0.18
0.31333333333333335
0.19
0.21666666666666667
0.24666666666666667
0.24
0.27666666666666667
0.2
0.31333333333333335
0.02
0.17333333333333334
0.07
0.11666666666666667
0.16666666666666666
0.18
0.23333333333333334
0.17666666666666667
0.31
0.03666666666666667
0.21
0.12333333333333334
0.19
0.26
0.29333333333333333
0.03333333333333333
0.33
0.14666666666666667
0.22666666666666666
0.08666666666666667
0.02
0.10666666666666667
0.19333333333333333
0.24666666666666667
0.006666666666666667
0.3233333333333333
0.16
0.26
0.13666666666666666
0.09333333333333334
0.19666666666666666
0.30333333333333334
0.043333333333333335
