98
0.475
0.025
0.65
0.775
0.05
0.1
0.25
0.125
0.475
0.65
0.25
0.05
0.225
0.425
0.525
0.725
0.65
0.2
0.425
0.05
0.775
0.15
0.4
0.55
0.8
0.775
0.35
0.625
0.325
0.225
0.525
0.8
0.15
0.45
0.475
0.425
0.175
0.125
0.475
0.825
0.2
0.55
0.625
0.325
0.7
0.5
0.5
0.875
0.4
0.7
0.25
0.375
0.1
0.55
0.375
0.425
0.875
0.45
0.8
0.4
0.575
0.375
0.85
0.75
0.85
0.45
0.1
0.5
0.125
0.35
0.2
0.725
0.675
0.825
0.5
0.175
0.65
0.325
0.6
0.5
0.2
0.2
0.4
0.125
0.725
0.375
0.1
0.375
0.125
0.2
0.45
0.225
0.875
0.55
0.35
0.725
0.725
0.525
