40
0.19
0.006666666666666667
0.21666666666666667
0.11333333333333333
0.10666666666666667
0.043333333333333335
0.22666666666666666
0.056666666666666664
0.056666666666666664
0.19
0.19333333333333333
0.25666666666666665
0.006666666666666667
0.18333333333333332
0.31
0.01
0.02666666666666667
0.21333333333333335
0.2
0.056666666666666664
0.30333333333333334
0.24
0.27
0.25
0.13666666666666666
0.006666666666666667
0.04666666666666667
0.21666666666666667
0.26
0.02666666666666667
0.15
0.03333333333333333
0.19666666666666666
0.27
0.32666666666666666
0.21666666666666667
0.24
0.13666666666666666
0.09333333333333334
0.06666666666666667
