60
0.2
0.01
0.043333333333333335
0.2633333333333333
0.08
0.006666666666666667
0.013333333333333334
0.16666666666666666
0.3233333333333333
0.11333333333333333
0.27666666666666667
0.33
0.23666666666666666
0.07
0.016666666666666666
0.043333333333333335
0.21666666666666667
0.06
0.20333333333333334
0.05
0.12333333333333334
0.04666666666666667
0.23666666666666666
0.20333333333333334
0.24666666666666667
0.10666666666666667
0.30333333333333334
0.13333333333333333
0.3333333333333333
0.09
0.03666666666666667
0.24333333333333335
0.23
0.29333333333333333
0.17333333333333334
0.056666666666666664
0.23666666666666666
0.12333333333333334
0.23333333333333334
0.2
0.09333333333333334
0.1
0.18
0.08
0.31666666666666665
0.18333333333333332
0.09
0.22
0.20333333333333334
0.11666666666666667
0.14333333333333334
0.24333333333333335
0.16333333333333333
0.08333333333333333
0.30333333333333334
0.23
0.04666666666666667
0.05
0.31666666666666665
0.02666666666666667
