97
0.575
0.375
0.05
0.725
0.225
0.225
0.025
0.125
0.425
0.25
0.075
0.7
0.55
0.1
0.15
0.875
0.15
0.5
0.375
0.275
0.05
0.825
0.425
0.525
0.425
0.65
0.175
0.1
0.025
0.75
0.7
0.35
0.5
0.45
0.7
0.3
0.275
0.25
0.15
0.15
0.725
0.05
0.05
0.375
0.025
0.05
0.875
0.05
0.675
0.05
0.125
0.475
0.175
0.25
0.325
0.325
0.425
0.225
0.525
0.65
0.175
0.8
0.05
0.175
0.225
0.375
0.225
0.575
0.75
0.35
0.125
0.3
0.5
0.6
0.775
0.7
0.225
0.45
0.075
0.8
0.4
0.525
0.775
0.75
0.325
0.6
0.275
0.175
0.45
0.075
0.375
0.375
0.875
0.325
0.075
0.875
0.35
