98
0.75
0.75
0.375
0.7
0.45
0.375
0.725
0.175
0.425
0.775
0.85
0.525
0.025
0.675
0.675
0.2
0.575
0.875
0.4
0.525
0.25
0.675
0.525
0.55
0.125
0.05
0.5
0.65
0.45
0.05
0.8
0.025
0.5
0.125
0.525
0.15
0.375
0.225
0.725
0.675
0.825
0.475
0.15
0.6
0.3
0.55
0.45
0.15
0.15
0.325
0.05
0.65
0.275
0.875
0.325
0.25
0.875
0.05
0.3
0.075
0.725
0.4
0.175
0.55
0.525
0.325
0.425
0.725
0.55
0.375
0.1
0.8
0.35
0.4
0.25
0.4
0.75
0.6
0.475
0.275
0.15
0.625
0.725
0.625
0.825
0.35
0.25
0.175
0.025
0.475
0.625
0.575
0.825
0.4
0.375
0.35
0.225
0.2
