80
0.2833333333333333
0.10333333333333333
0.15333333333333332
0.05333333333333334
0.21666666666666667
0.15666666666666668
0.17666666666666667
0.013333333333333334
0.18333333333333332
0.32
0.16333333333333333
0.23
0.15
0.33
0.29333333333333333
0.3333333333333333
0.18666666666666668
0.043333333333333335
0.2
0.06
0.14666666666666667
0.08666666666666667
0.29
0.27
0.32666666666666666
0.20333333333333334
0.08
0.25333333333333335
0.13666666666666666
0.24
0.2
0.08666666666666667
0.09
0.16666666666666666
0.06
0.29
0.15
0.05
0.17666666666666667
0.15666666666666668
0.06333333333333334
0.08333333333333333
0.18
0.09333333333333334
0.006666666666666667
0.22333333333333333
0.14333333333333334
0.2866666666666667
0.2866666666666667
0.21
0.25
0.03333333333333333
0.3
0.23666666666666666
0.13666666666666666
0.07333333333333333
0.24
0.25666666666666665
0.20333333333333334
0.26
0.06333333333333334
0.016666666666666666
0.30333333333333334
0.22333333333333333
0.18333333333333332
0.03333333333333333
0.07
0.03333333333333333
0.11333333333333333
0.26666666666666666
0.24
0.21333333333333335
0.15333333333333332
0.13
0.3333333333333333
0.056666666666666664
0.043333333333333335
0.14
0.31333333333333335
0.30666666666666664
