60
0.12
0.12
0.14333333333333334
0.26
0.3233333333333333
0.2966666666666667
0.25
0.043333333333333335
0.3
0.09666666666666666
0.2833333333333333
0.16
0.13
0.043333333333333335
0.20333333333333334
0.013333333333333334
0.3233333333333333
0.1
0.08333333333333333
0.12333333333333334
0.18333333333333332
0.006666666666666667
0.11
0.12
0.11666666666666667
0.28
0.24333333333333335
0.08
0.30666666666666664
0.22
0.22666666666666666
0.18333333333333332
0.04666666666666667
0.22666666666666666
0.24666666666666667
0.06
0.08333333333333333
0.16
0.26
0.12333333333333334
0.2633333333333333
0.31333333333333335
0.013333333333333334
0.21666666666666667
0.22
0.09333333333333334
0.02666666666666667
0.31
0.02666666666666667
0.02
0.25666666666666665
0.14333333333333334
0.2
0.05333333333333334
0.11333333333333333
0.23333333333333334
0.03666666666666667
0.27
0.11666666666666667
0.20666666666666667
