60
0.03333333333333333
0.056666666666666664
0.19333333333333333
0.07333333333333333
0.10333333333333333
0.13666666666666666
0.13333333333333333
0.17
0.09666666666666666
0.21333333333333335
0.25666666666666665
0.08
0.31333333333333335
0.02666666666666667
0.08
0.09666666666666666
0.15333333333333332
0.1
0.23333333333333334
0.2966666666666667
0.14
0.06
0.12666666666666668
0.2
0.23333333333333334
0.31
0.27666666666666667
0.09666666666666666
0.18
0.04
0.31333333333333335
0.06666666666666667
0.16
0.21333333333333335
0.31
0.2966666666666667
0.13666666666666666
0.23666666666666666
0.12
0.07666666666666666
0.18333333333333332
0.29333333333333333
0.03666666666666667
0.15
0.15666666666666668
0.016666666666666666
0.13666666666666666
0.03666666666666667
0.013333333333333334
0.14
0.27
0.03333333333333333
0.16666666666666666
0.19
0.07
0.21
0.13
0.12666666666666668
0.2733333333333333
0.09
