96
0.85
0.45
0.1
0.875
0.65
0.175
0.525
0.475
0.725
0.675
0.775
0.05
0.425
0.675
0.7
0.675
0.225
0.525
0.225
0.875
0.875
0.75
0.375
0.825
0.875
0.375
0.4
0.6
0.85
0.475
0.825
0.075
0.15
0.675
0.65
0.3
0.125
0.075
0.05
0.65
0.35
0.475
0.075
0.525
0.875
0.6
0.175
0.4
0.575
0.325
0.425
0.175
0.075
0.05
0.25
0.325
0.15
0.825
0.175
0.775
0.15
0.525
0.1
0.8
0.5
0.825
0.225
0.075
0.275
0.125
0.125
0.2
0.525
0.7
0.625
0.525
0.85
0.65
0.125
0.625
0.3
0.25
0.025
0.45
0.825
0.775
0.175
0.275
0.45
0.85
0.25
0.3
0.3
0.725
0.65
0.225
