80
0.13666666666666666
0.03
0.25666666666666665
0.11333333333333333
0.013333333333333334
0.13333333333333333
0.11
0.013333333333333334
0.03333333333333333
0.12666666666666668
0.03666666666666667
0.2833333333333333
0.16
0.07666666666666666
0.22
0.21333333333333335
0.14
0.17666666666666667
0.29
0.22
0.15
0.05
0.32
0.14666666666666667
0.16
0.10333333333333333
0.16
0.29333333333333333
0.24333333333333335
0.19333333333333333
0.11
0.06666666666666667
0.24666666666666667
0.2833333333333333
0.24666666666666667
0.32
0.14
0.11
0.08
0.016666666666666666
0.32666666666666666
0.19333333333333333
0.24666666666666667
0.22666666666666666
0.3233333333333333
0.16
0.15
0.14
0.09666666666666666
0.09
0.31
0.05
0.05333333333333334
0.16666666666666666
0.023333333333333334
0.03333333333333333
0.043333333333333335
0.016666666666666666
0.03333333333333333
0.27
0.03
0.05
0.18666666666666668
0.06333333333333334
0.09
0.12
0.11333333333333333
0.14666666666666667
0.07333333333333333
0.18333333333333332
0.22666666666666666
0.04666666666666667
0.27666666666666667
0.3233333333333333
0.03666666666666667
0.05333333333333334
0.10666666666666667
0.05
0.18
0.24
