99
0.22
0.13666666666666666
0.016666666666666666
0.27
0.08
0.08
0.006666666666666667
0.04666666666666667
0.16
0.09333333333333334
0.03
0.2633333333333333
0.20333333333333334
0.03333333333333333
0.05
0.33
0.056666666666666664
0.19
0.14333333333333334
0.09666666666666666
0.016666666666666666
0.31
0.16
0.19666666666666666
0.16333333333333333
0.24
0.06333333333333334
0.03333333333333333
0.01
0.28
0.26
0.13
0.18666666666666668
0.17
0.26666666666666666
0.11
0.1
0.09333333333333334
0.05333333333333334
0.05
0.2733333333333333
0.013333333333333334
0.02
0.13666666666666666
0.006666666666666667
0.02
0.3333333333333333
0.016666666666666666
0.25666666666666665
0.02
0.043333333333333335
0.18
0.06
0.09
0.12333333333333334
0.12
0.15666666666666668
0.08333333333333333
0.2
0.24333333333333335
0.06666666666666667
0.2966666666666667
0.013333333333333334
0.06666666666666667
0.08333333333333333
0.14
0.08666666666666667
0.22
0.2833333333333333
0.12666666666666668
0.043333333333333335
0.11333333333333333
0.18333333333333332
0.22
0.2966666666666667
0.2633333333333333
0.08333333333333333
0.16666666666666666
0.02666666666666667
0.3
0.05333333333333334
0.14333333333333334
0.2
0.2966666666666667
0.2833333333333333
0.12333333333333334
0.22333333333333333
0.10333333333333333
0.06333333333333334
0.17
0.28
0.023333333333333334
0.13666666666666666
0.14333333333333334
0.3333333333333333
0.12333333333333334
0.023333333333333334
0.3333333333333333
0.12666666666666668
