98
0.325
0.8
0.325
0.825
0.15
0.85
0.5
0.425
0.575
0.225
0.775
0.35
0.875
0.275
0.15
0.725
0.7
0.025
0.6
0.325
0.8
0.525
0.85
0.775
0.525
0.55
0.8
0.55
0.325
0.875
0.65
0.125
0.1
0.775
0.875
0.275
0.1
0.775
0.5
0.75
0.775
0.625
0.775
0.225
0.1
0.825
0.6
0.475
0.075
0.15
0.05
0.25
0.625
0.55
0.475
0.3
0.225
0.725
0.825
0.175
0.625
0.6
0.55
0.425
0.425
0.1
0.3
0.3
0.575
0.2
0.225
0.225
0.15
0.2
0.8
0.175
0.225
0.575
0.225
0.3
0.375
0.35
0.425
0.225
0.525
0.6
0.125
0.725
0.85
0.1
0.125
0.25
0.1
0.45
0.6
0.15
0.8
0.1
