80
0.30666666666666664
0.3
0.14666666666666667
0.25333333333333335
0.14
0.10333333333333333
0.21666666666666667
0.33
0.08
0.2
0.21
0.07666666666666666
0.2
0.10666666666666667
0.09
0.22333333333333333
0.02666666666666667
0.12666666666666668
0.2633333333333333
0.2966666666666667
0.18
0.32666666666666666
0.25
0.25333333333333335
0.07333333333333333
0.22666666666666666
0.013333333333333334
0.17333333333333334
0.22333333333333333
0.12666666666666668
0.29
0.23666666666666666
0.25666666666666665
0.09666666666666666
0.27
0.07666666666666666
0.25333333333333335
0.3233333333333333
0.24666666666666667
0.1
0.06333333333333334
0.10333333333333333
0.2966666666666667
0.15666666666666668
0.31333333333333335
0.18
0.26666666666666666
0.21
0.08
0.06666666666666667
0.12666666666666668
0.0033333333333333335
0.21666666666666667
0.06
0.27666666666666667
0.05333333333333334
0.016666666666666666
0.24
0.24333333333333335
0.3233333333333333
0.22
0.11666666666666667
0.31666666666666665
0.22
0.013333333333333334
0.32666666666666666
0.23666666666666666
0.26
0.02666666666666667
0.27666666666666667
0.19666666666666666
0.08
0.3333333333333333
0.15
0.15
0.08
0.12
0.24
0.17666666666666667
0.11333333333333333
