99
0.27666666666666667
0.2833333333333333
0.14333333333333334
0.2633333333333333
0.16333333333333333
0.14333333333333334
0.27
0.06666666666666667
0.16
0.29333333333333333
0.32
0.19666666666666666
0.0033333333333333335
0.26
0.25333333333333335
0.07
0.21666666666666667
0.33
0.15
0.19666666666666666
0.09333333333333334
0.25333333333333335
0.19333333333333333
0.21
0.043333333333333335
0.21
0.01
0.18333333333333332
0.24666666666666667
0.16666666666666666
0.01
0.30333333333333334
0.006666666666666667
0.19333333333333333
0.04666666666666667
0.2
0.056666666666666664
0.14
0.08
0.25666666666666665
0.31
0.18333333333333332
0.056666666666666664
0.23
0.10666666666666667
0.21
0.16666666666666666
0.05
0.05
0.12333333333333334
0.013333333333333334
0.24333333333333335
0.1
0.33
0.12
0.09666666666666666
0.3333333333333333
0.016666666666666666
0.11333333333333333
0.023333333333333334
0.27
0.14666666666666667
0.06333333333333334
0.20666666666666667
0.2
0.12333333333333334
0.16
0.2733333333333333
0.20333333333333334
0.13666666666666666
0.03333333333333333
0.30333333333333334
0.13333333333333333
0.14666666666666667
0.09
0.14666666666666667
0.28
0.23
0.18
0.09666666666666666
0.05333333333333334
0.23333333333333334
0.27
0.23
0.30666666666666664
0.12666666666666668
0.09333333333333334
0.06666666666666667
0.0033333333333333335
0.31
0.17666666666666667
0.23333333333333334
0.21333333333333335
0.31
0.14666666666666667
0.13666666666666666
0.12666666666666668
0.08333333333333333
0.07666666666666666
