100
0.18333333333333332
0.006666666666666667
0.24333333333333335
0.2966666666666667
0.016666666666666666
0.03666666666666667
0.09666666666666666
0.04666666666666667
0.18333333333333332
0.24666666666666667
0.09333333333333334
0.013333333333333334
0.08666666666666667
0.16
0.2
0.27666666666666667
0.24666666666666667
0.07
0.15666666666666668
0.02
0.29333333333333333
0.05333333333333334
0.14666666666666667
0.20333333333333334
0.30333333333333334
0.29
0.13333333333333333
0.23666666666666666
0.12333333333333334
0.08333333333333333
0.19333333333333333
0.30666666666666664
0.05
0.16666666666666666
0.17666666666666667
0.03666666666666667
0.16333333333333333
0.06666666666666667
0.04666666666666667
0.17666666666666667
0.30666666666666664
0.07333333333333333
0.21
0.23666666666666666
0.11666666666666667
0.26
0.18333333333333332
0.18333333333333332
0.3333333333333333
0.15
0.26666666666666666
0.09
0.13666666666666666
0.04
0.20333333333333334
0.14333333333333334
0.16333333333333333
0.3333333333333333
0.17
0.30666666666666664
0.15
0.21666666666666667
0.13666666666666666
0.31666666666666665
0.28
0.31666666666666665
0.17333333333333334
0.03
0.18666666666666668
0.04666666666666667
0.13333333333333333
0.07333333333333333
0.27666666666666667
0.25666666666666665
0.31333333333333335
0.19
0.06666666666666667
0.24
0.12333333333333334
0.22666666666666666
0.18666666666666668
0.07333333333333333
0.07666666666666666
0.15333333333333332
0.04666666666666667
0.27666666666666667
0.13666666666666666
0.03666666666666667
0.16333333333333333
0.14
0.05
0.07
0.16666666666666666
0.08
0.32666666666666666
0.21
0.13
0.2733333333333333
0.27
0.19666666666666666
