80
0.02
0.10333333333333333
0.13333333333333333
0.07333333333333333
0.33
0.09
0.31333333333333335
0.07666666666666666
0.23
0.07
0.006666666666666667
0.22333333333333333
0.016666666666666666
0.12333333333333334
0.07
0.14666666666666667
0.09666666666666666
0.10333333333333333
0.13
0.25333333333333335
0.32
0.3
0.26
0.06
0.32
0.12333333333333334
0.31666666666666665
0.19666666666666666
0.17333333333333334
0.09333333333333334
0.25666666666666665
0.07333333333333333
0.056666666666666664
0.17333333333333334
0.16
0.20666666666666667
0.2733333333333333
0.1
0.20666666666666667
0.22666666666666666
0.22666666666666666
0.06333333333333334
0.03
0.20666666666666667
0.10333333333333333
0.023333333333333334
0.03666666666666667
0.33
0.2
0.05333333333333334
0.07666666666666666
0.23
0.26
0.01
0.11666666666666667
0.31666666666666665
0.13
0.18333333333333332
0.22333333333333333
0.1
0.10666666666666667
0.32
0.25666666666666665
0.21666666666666667
0.27
0.26666666666666666
0.17666666666666667
0.07
0.13
0.3233333333333333
0.056666666666666664
0.18
0.3233333333333333
0.23
0.08333333333333333
0.17666666666666667
0.25666666666666665
0.17
0.21666666666666667
0.13666666666666666
