40
0.31666666666666665
0.16666666666666666
0.03666666666666667
0.3333333333333333
0.24333333333333335
0.06333333333333334
0.2
0.17333333333333334
0.27666666666666667
0.25333333333333335
0.29
0.01
0.16
0.25666666666666665
0.2633333333333333
0.25333333333333335
0.08
0.03666666666666667
0.2
0.08666666666666667
0.33
0.33
0.28
0.14
0.31666666666666665
0.32666666666666666
0.13666666666666666
0.15333333333333332
0.22666666666666666
0.32
0.17666666666666667
0.31333333333333335
0.023333333333333334
0.05333333333333334
0.25
0.24666666666666667
0.11333333333333333
0.04
0.32
0.03
