60
0.15666666666666668
0.19
0.17
0.056666666666666664
0.2633333333333333
0.30666666666666664
0.14666666666666667
0.19333333333333333
0.2966666666666667
0.09
0.31
0.14
0.21666666666666667
0.27666666666666667
0.17
0.19666666666666666
0.09666666666666666
0.05333333333333334
0.03
0.10333333333333333
0.12333333333333334
0.05
0.2966666666666667
0.043333333333333335
0.25666666666666665
0.01
0.15
0.31666666666666665
0.24
0.11333333333333333
0.22666666666666666
0.3233333333333333
0.26
0.3233333333333333
0.2633333333333333
0.25666666666666665
0.2733333333333333
0.05333333333333334
0.11
0.07666666666666666
0.02666666666666667
0.14666666666666667
0.06666666666666667
0.19
0.04
0.24
0.20666666666666667
0.11666666666666667
0.27
0.07333333333333333
0.04666666666666667
0.15
0.12666666666666668
0.16
0.21666666666666667
0.03333333333333333
0.13
0.13666666666666666
0.12666666666666668
0.2866666666666667
