79
0.13333333333333333
0.17666666666666667
0.31666666666666665
0.07
0.06333333333333334
0.043333333333333335
0.19
0.13666666666666666
0.29
0.16333333333333333
0.06333333333333334
0.05333333333333334
0.32666666666666666
0.17333333333333334
0.0033333333333333335
0.006666666666666667
0.13666666666666666
0.14333333333333334
0.20333333333333334
0.2866666666666667
0.13333333333333333
0.25666666666666665
0.29
0.30666666666666664
0.16
0.14666666666666667
0.0033333333333333335
0.25333333333333335
0.18666666666666668
0.22
0.19666666666666666
0.08333333333333333
0.2866666666666667
0.32666666666666666
0.16333333333333333
0.20666666666666667
0.30666666666666664
0.09666666666666666
0.31333333333333335
0.14333333333333334
0.21666666666666667
0.2733333333333333
0.16666666666666666
0.19
0.08666666666666667
0.04
0.013333333333333334
0.08333333333333333
0.1
0.02666666666666667
0.26666666666666666
0.013333333333333334
0.22333333333333333
0.30666666666666664
0.11333333333333333
0.2733333333333333
0.19666666666666666
0.06333333333333334
0.17666666666666667
0.27
0.20333333333333334
0.2633333333333333
0.2
0.19333333333333333
0.20666666666666667
0.31666666666666665
0.03666666666666667
0.3333333333333333
0.2833333333333333
0.06666666666666667
0.31666666666666665
0.10333333333333333
0.2833333333333333
0.15
0.11
0.016666666666666666
0.17
0.30333333333333334
0.04
