80
0.23333333333333334
0.07
0.20666666666666667
0.05
0.11666666666666667
0.03666666666666667
0.21666666666666667
0.18
0.21666666666666667
0.07333333333333333
0.2633333333333333
0.08666666666666667
0.28
0.03333333333333333
0.30666666666666664
0.17666666666666667
0.15666666666666668
0.21333333333333335
0.09
0.3
0.14
0.023333333333333334
0.12666666666666668
0.08666666666666667
0.30666666666666664
0.31
0.05333333333333334
0.28
0.17666666666666667
0.03666666666666667
0.27
0.06333333333333334
0.04
0.2833333333333333
0.30333333333333334
0.06666666666666667
0.31333333333333335
0.22666666666666666
0.11
0.03
0.17333333333333334
0.17
0.09666666666666666
0.13666666666666666
0.25333333333333335
0.18666666666666668
0.12
0.02
0.29333333333333333
0.12333333333333334
0.14333333333333334
0.09
0.14666666666666667
0.2833333333333333
0.23666666666666666
0.19
0.11
0.07
0.25
0.29
0.25333333333333335
0.3333333333333333
0.15333333333333332
0.12666666666666668
0.1
0.04
0.016666666666666666
0.22
0.27666666666666667
0.2633333333333333
0.02666666666666667
0.2
0.19333333333333333
0.18666666666666668
0.14333333333333334
0.14
0.03
0.10666666666666667
0.11
0.22666666666666666
