40
0.09333333333333334
0.17666666666666667
0.3333333333333333
0.30666666666666664
0.2833333333333333
0.22666666666666666
0.20666666666666667
0.08
0.14
0.12666666666666668
0.22666666666666666
0.07
0.06333333333333334
0.06
0.023333333333333334
0.023333333333333334
0.24666666666666667
0.32666666666666666
0.3333333333333333
0.12
0.31666666666666665
0.33
0.013333333333333334
0.32666666666666666
0.013333333333333334
0.25666666666666665
0.023333333333333334
0.05
0.19
0.07333333333333333
0.10333333333333333
0.14
0.14
0.18
0.11
0.22666666666666666
0.2733333333333333
0.1
0.3333333333333333
0.05333333333333334
