40
0.23
0.043333333333333335
0.2866666666666667
0.14
0.24
0.32
0.23666666666666666
0.2866666666666667
0.20666666666666667
0.18666666666666668
0.18666666666666668
0.28
0.3233333333333333
0.2733333333333333
0.20666666666666667
0.31
0.21333333333333335
0.32
0.15
0.0033333333333333335
0.2833333333333333
0.18
0.31666666666666665
0.10333333333333333
0.056666666666666664
0.14666666666666667
0.10666666666666667
0.12333333333333334
0.16333333333333333
0.2966666666666667
0.043333333333333335
0.03333333333333333
0.006666666666666667
0.14666666666666667
0.08666666666666667
0.23333333333333334
0.10666666666666667
0.33
0.31666666666666665
0.25
