100
0.25333333333333335
0.07666666666666666
0.03
0.19
0.07666666666666666
0.31333333333333335
0.31333333333333335
0.26
0.11666666666666667
0.29
0.3
0.10666666666666667
0.12
0.19
0.28
0.13333333333333333
0.26666666666666666
0.31
0.0033333333333333335
0.19666666666666666
0.19
0.056666666666666664
0.31333333333333335
0.25666666666666665
0.2966666666666667
0.28
0.17666666666666667
0.056666666666666664
0.10333333333333333
0.2833333333333333
0.3333333333333333
0.11
0.24
0.13333333333333333
0.30333333333333334
0.05333333333333334
0.11666666666666667
0.016666666666666666
0.05
0.2866666666666667
0.25
0.23333333333333334
0.31
0.3333333333333333
0.27
0.18666666666666668
0.2733333333333333
0.15666666666666668
0.25
0.06333333333333334
0.23333333333333334
0.16333333333333333
0.04
0.16
0.2633333333333333
0.20333333333333334
0.27666666666666667
0.22
0.22
0.24333333333333335
0.02666666666666667
0.09
0.06333333333333334
0.016666666666666666
0.14333333333333334
0.06666666666666667
0.19666666666666666
0.05
0.26
0.23
0.14333333333333334
0.30333333333333334
0.11333333333333333
0.09
0.2
0.18333333333333332
0.22333333333333333
0.2833333333333333
0.10666666666666667
0.21
0.22
0.21666666666666667
0.04666666666666667
0.01
0.18
0.07333333333333333
0.32
0.32666666666666666
0.2833333333333333
0.14666666666666667
0.32666666666666666
0.013333333333333334
0.16
0.18333333333333332
0.26
0.02666666666666667
0.22333333333333333
0.03
0.08
0.11333333333333333
