40
0.13666666666666666
0.03
0.25666666666666665
0.11333333333333333
0.013333333333333334
0.13333333333333333
0.11
0.013333333333333334
0.03333333333333333
0.12666666666666668
0.03666666666666667
0.2833333333333333
0.16
0.07666666666666666
0.22
0.21333333333333335
0.14
0.17666666666666667
0.29
0.22
0.15
0.05
0.32
0.14666666666666667
0.16
0.10333333333333333
0.16
0.29333333333333333
0.24333333333333335
0.19333333333333333
0.11
0.06666666666666667
0.24666666666666667
0.2833333333333333
0.24666666666666667
0.32
0.14
0.11
0.08
0.016666666666666666
