100
0.12
0.30333333333333334
0.12
0.31
0.056666666666666664
0.32666666666666666
0.18666666666666668
0.16333333333333333
0.21666666666666667
0.08333333333333333
0.29
0.12666666666666668
0.3333333333333333
0.1
0.05333333333333334
0.27
0.26666666666666666
0.0033333333333333335
0.22666666666666666
0.11666666666666667
0.30666666666666664
0.2
0.32
0.29333333333333333
0.19333333333333333
0.21
0.3
0.20666666666666667
0.11666666666666667
0.32666666666666666
0.24
0.04666666666666667
0.04
0.29333333333333333
0.32666666666666666
0.10333333333333333
0.03333333333333333
0.29333333333333333
0.19
0.12333333333333334
0.2833333333333333
0.29333333333333333
0.23333333333333334
0.2866666666666667
0.08333333333333333
0.03
0.31333333333333335
0.22666666666666666
0.18
0.02666666666666667
0.056666666666666664
0.016666666666666666
0.09
0.24
0.20666666666666667
0.17333333333333334
0.10666666666666667
0.08
0.27666666666666667
0.32666666666666666
0.30666666666666664
0.06666666666666667
0.23666666666666666
0.22
0.21
0.16333333333333333
0.15333333333333332
0.03666666666666667
0.10666666666666667
0.10666666666666667
0.22
0.07333333333333333
0.08
0.08666666666666667
0.06
0.07
0.30666666666666664
0.06333333333333334
0.08
0.21333333333333335
0.08666666666666667
0.11
0.13666666666666666
0.13
0.16
0.08333333333333333
0.19333333333333333
0.23
0.04666666666666667
0.2733333333333333
0.32
0.03
0.043333333333333335
0.09333333333333334
0.03333333333333333
0.16333333333333333
0.22
0.056666666666666664
0.30333333333333334
0.03333333333333333
