178
0.794
0.793
0.79
0.786
0.772
0.764
0.756
0.743
0.742
0.74
0.736
0.732
0.724
0.723
0.713
0.712
0.709
0.704
0.703
0.7
0.699
0.692
0.691
0.678
0.677
0.673
0.667
0.662
0.659
0.658
0.646
0.644
0.64
0.637
0.635
0.633
0.629
0.628
0.625
0.622
0.617
0.613
0.612
0.608
0.605
0.602
0.595
0.583
0.58
0.572
0.568
0.558
0.541
0.535
0.531
0.523
0.521
0.519
0.518
0.517
0.515
0.512
0.509
0.506
0.504
0.494
0.487
0.485
0.482
0.476
0.471
0.469
0.468
0.466
0.462
0.459
0.447
0.446
0.443
0.436
0.431
0.423
0.419
0.416
0.415
0.408
0.407
0.4
0.399
0.396
0.395
0.387
0.371
0.37
0.369
0.365
0.363
0.36
0.355
0.354
0.347
0.346
0.345
0.337
0.336
0.334
0.328
0.321
0.313
0.312
0.292
0.278
0.276
0.275
0.266
0.257
0.254
0.252
0.25
0.249
0.246
0.242
0.24
0.233
0.232
0.226
0.223
0.221
0.22
0.214
0.213
0.212
0.21
0.209
0.208
0.196
0.189
0.185
0.184
0.181
0.179
0.174
0.171
0.17
0.168
0.166
0.164
0.157
0.147
0.146
0.141
0.133
0.123
0.12
0.119
0.116
0.104
0.103
0.102
0.099
0.094
0.093
0.072
0.066
0.061
0.059
0.055
0.051
0.05
0.045
0.044
0.041
0.036
0.021
0.009
0.007
0.004
0.001
