173
0.697
0.695
0.693
0.69
0.687
0.686
0.685
0.683
0.682
0.681
0.68
0.676
0.674
0.673
0.671
0.67
0.668
0.665
0.648
0.644
0.64
0.635
0.627
0.625
0.624
0.62
0.618
0.616
0.611
0.609
0.608
0.603
0.602
0.598
0.588
0.579
0.577
0.572
0.565
0.564
0.563
0.559
0.544
0.543
0.542
0.541
0.53
0.527
0.523
0.521
0.515
0.509
0.508
0.507
0.499
0.498
0.491
0.483
0.47
0.464
0.46
0.459
0.455
0.453
0.446
0.444
0.436
0.433
0.43
0.429
0.428
0.425
0.422
0.418
0.413
0.409
0.406
0.404
0.402
0.401
0.4
0.399
0.398
0.385
0.382
0.381
0.379
0.371
0.364
0.354
0.353
0.342
0.336
0.335
0.331
0.329
0.323
0.322
0.315
0.314
0.311
0.309
0.308
0.307
0.303
0.296
0.287
0.284
0.275
0.274
0.273
0.272
0.269
0.266
0.265
0.262
0.25
0.248
0.246
0.244
0.24
0.239
0.234
0.226
0.225
0.217
0.207
0.205
0.194
0.193
0.19
0.189
0.187
0.185
0.181
0.177
0.174
0.173
0.172
0.17
0.161
0.159
0.155
0.154
0.151
0.14
0.138
0.133
0.132
0.114
0.113
0.111
0.109
0.101
0.099
0.097
0.094
0.092
0.09
0.08
0.077
0.069
0.068
0.067
0.064
0.062
0.051
0.039
0.036
0.021
0.017
0.014
0.002
