161
0.698
0.691
0.69
0.689
0.686
0.681
0.676
0.675
0.674
0.666
0.662
0.66
0.653
0.652
0.651
0.649
0.641
0.636
0.635
0.634
0.629
0.628
0.626
0.624
0.621
0.62
0.616
0.611
0.61
0.603
0.602
0.6
0.596
0.59
0.587
0.585
0.578
0.577
0.572
0.569
0.566
0.561
0.559
0.555
0.548
0.545
0.541
0.539
0.538
0.534
0.532
0.531
0.529
0.527
0.521
0.519
0.499
0.497
0.496
0.495
0.483
0.48
0.478
0.475
0.471
0.461
0.46
0.459
0.458
0.444
0.435
0.432
0.426
0.423
0.42
0.414
0.411
0.392
0.391
0.39
0.386
0.385
0.381
0.378
0.376
0.365
0.353
0.341
0.335
0.332
0.331
0.325
0.317
0.316
0.315
0.304
0.303
0.3
0.298
0.297
0.292
0.282
0.281
0.268
0.262
0.251
0.246
0.23
0.227
0.216
0.214
0.201
0.197
0.194
0.19
0.189
0.188
0.183
0.181
0.179
0.176
0.173
0.169
0.168
0.167
0.16
0.159
0.156
0.151
0.144
0.13
0.128
0.126
0.124
0.122
0.11
0.107
0.1
0.096
0.095
0.088
0.085
0.084
0.083
0.079
0.076
0.073
0.072
0.069
0.065
0.062
0.056
0.055
0.051
0.047
0.036
0.032
0.03
0.029
0.028
0.001
