173
0.699
0.696
0.694
0.693
0.692
0.691
0.69
0.689
0.688
0.682
0.681
0.679
0.673
0.671
0.664
0.662
0.661
0.655
0.652
0.649
0.646
0.64
0.638
0.618
0.617
0.602
0.59
0.587
0.586
0.584
0.582
0.568
0.567
0.563
0.56
0.558
0.553
0.548
0.539
0.536
0.532
0.529
0.526
0.522
0.521
0.517
0.516
0.514
0.513
0.51
0.507
0.505
0.502
0.498
0.495
0.493
0.491
0.485
0.482
0.477
0.475
0.474
0.465
0.456
0.454
0.453
0.45
0.442
0.441
0.44
0.439
0.437
0.434
0.424
0.422
0.419
0.415
0.407
0.404
0.401
0.399
0.395
0.393
0.391
0.386
0.384
0.382
0.381
0.368
0.354
0.353
0.348
0.344
0.343
0.336
0.328
0.324
0.321
0.319
0.304
0.302
0.301
0.3
0.296
0.295
0.284
0.281
0.28
0.279
0.275
0.271
0.267
0.26
0.257
0.253
0.248
0.245
0.243
0.239
0.238
0.237
0.233
0.226
0.225
0.222
0.218
0.217
0.216
0.212
0.211
0.206
0.204
0.201
0.197
0.189
0.188
0.187
0.186
0.181
0.176
0.173
0.167
0.165
0.163
0.158
0.153
0.146
0.142
0.135
0.127
0.126
0.124
0.119
0.115
0.114
0.107
0.105
0.104
0.096
0.094
0.079
0.061
0.055
0.054
0.044
0.033
0.031
0.028
0.018
0.015
0.012
0.011
0.009
