136
0.696
0.686
0.683
0.675
0.674
0.67
0.669
0.668
0.665
0.663
0.662
0.657
0.653
0.649
0.641
0.632
0.627
0.622
0.621
0.62
0.619
0.614
0.612
0.608
0.606
0.605
0.603
0.599
0.598
0.597
0.595
0.593
0.575
0.566
0.558
0.556
0.551
0.544
0.521
0.518
0.514
0.505
0.499
0.496
0.494
0.491
0.49
0.484
0.48
0.474
0.473
0.466
0.462
0.457
0.448
0.43
0.429
0.423
0.419
0.408
0.405
0.403
0.399
0.39
0.389
0.387
0.383
0.382
0.381
0.378
0.37
0.364
0.359
0.358
0.341
0.34
0.339
0.335
0.328
0.323
0.321
0.32
0.318
0.305
0.303
0.293
0.29
0.286
0.283
0.273
0.268
0.263
0.252
0.239
0.231
0.23
0.228
0.224
0.221
0.211
0.21
0.209
0.208
0.205
0.197
0.193
0.185
0.184
0.182
0.173
0.166
0.142
0.133
0.123
0.12
0.115
0.109
0.095
0.092
0.077
0.072
0.069
0.059
0.057
0.045
0.04
0.039
0.032
0.031
0.029
0.028
0.024
0.022
0.018
0.017
0.011
