157
0.799
0.797
0.793
0.776
0.77
0.758
0.755
0.752
0.75
0.745
0.736
0.733
0.721
0.714
0.713
0.711
0.706
0.703
0.702
0.699
0.697
0.684
0.68
0.679
0.673
0.666
0.665
0.661
0.66
0.659
0.651
0.648
0.646
0.641
0.639
0.629
0.623
0.62
0.615
0.61
0.603
0.597
0.583
0.577
0.572
0.561
0.554
0.548
0.545
0.536
0.532
0.531
0.525
0.523
0.522
0.513
0.503
0.496
0.494
0.481
0.477
0.472
0.471
0.468
0.458
0.457
0.455
0.451
0.436
0.434
0.432
0.429
0.412
0.411
0.407
0.401
0.399
0.397
0.393
0.391
0.387
0.376
0.372
0.368
0.363
0.358
0.354
0.352
0.348
0.342
0.34
0.328
0.327
0.326
0.318
0.317
0.313
0.309
0.307
0.305
0.297
0.296
0.292
0.287
0.281
0.279
0.278
0.276
0.267
0.265
0.257
0.255
0.239
0.229
0.219
0.215
0.214
0.21
0.202
0.201
0.2
0.199
0.197
0.183
0.172
0.171
0.169
0.158
0.144
0.128
0.127
0.123
0.12
0.118
0.109
0.108
0.103
0.101
0.099
0.094
0.082
0.079
0.066
0.065
0.063
0.051
0.045
0.041
0.039
0.036
0.034
0.032
0.03
0.023
0.022
0.02
0.007
