185
0.798
0.793
0.79
0.787
0.772
0.756
0.75
0.749
0.743
0.742
0.737
0.734
0.731
0.726
0.725
0.723
0.717
0.704
0.703
0.696
0.695
0.693
0.689
0.688
0.685
0.682
0.681
0.675
0.673
0.671
0.667
0.647
0.64
0.638
0.637
0.636
0.63
0.629
0.628
0.622
0.62
0.614
0.606
0.605
0.604
0.592
0.591
0.59
0.587
0.582
0.581
0.58
0.579
0.573
0.57
0.568
0.565
0.563
0.561
0.558
0.556
0.551
0.547
0.546
0.54
0.535
0.525
0.522
0.518
0.504
0.501
0.499
0.497
0.495
0.493
0.487
0.482
0.48
0.479
0.476
0.475
0.474
0.473
0.472
0.466
0.465
0.462
0.457
0.453
0.437
0.436
0.435
0.434
0.432
0.431
0.43
0.428
0.423
0.417
0.416
0.408
0.405
0.366
0.365
0.364
0.363
0.362
0.356
0.355
0.352
0.351
0.349
0.346
0.339
0.329
0.314
0.312
0.311
0.31
0.305
0.303
0.292
0.288
0.282
0.281
0.28
0.279
0.275
0.271
0.268
0.256
0.25
0.247
0.243
0.239
0.228
0.222
0.217
0.212
0.208
0.206
0.203
0.202
0.2
0.195
0.194
0.187
0.185
0.178
0.177
0.171
0.165
0.155
0.153
0.152
0.141
0.137
0.135
0.133
0.131
0.13
0.124
0.122
0.117
0.109
0.093
0.076
0.075
0.072
0.067
0.06
0.057
0.053
0.049
0.044
0.041
0.04
0.039
0.027
0.025
0.021
0.019
0.018
0.017
0.005
