161
0.698
0.696
0.695
0.694
0.69
0.686
0.685
0.681
0.675
0.672
0.671
0.67
0.667
0.665
0.66
0.656
0.647
0.645
0.639
0.634
0.622
0.617
0.614
0.61
0.598
0.596
0.592
0.588
0.587
0.586
0.585
0.582
0.575
0.574
0.572
0.558
0.557
0.555
0.55
0.531
0.526
0.523
0.516
0.515
0.514
0.508
0.505
0.498
0.497
0.496
0.495
0.492
0.485
0.481
0.475
0.472
0.468
0.467
0.466
0.465
0.453
0.447
0.446
0.44
0.435
0.433
0.423
0.416
0.415
0.413
0.409
0.399
0.391
0.389
0.388
0.385
0.379
0.377
0.374
0.373
0.372
0.367
0.361
0.359
0.358
0.351
0.346
0.339
0.333
0.327
0.325
0.322
0.32
0.312
0.305
0.298
0.294
0.293
0.291
0.283
0.279
0.274
0.27
0.256
0.252
0.251
0.243
0.24
0.229
0.218
0.216
0.215
0.209
0.205
0.195
0.193
0.189
0.186
0.178
0.17
0.169
0.164
0.162
0.16
0.157
0.152
0.147
0.139
0.137
0.131
0.117
0.112
0.109
0.106
0.105
0.102
0.097
0.095
0.091
0.084
0.083
0.078
0.069
0.068
0.067
0.061
0.058
0.054
0.051
0.044
0.036
0.035
0.026
0.024
0.021
0.02
0.016
0.015
0.012
0.004
0.001
