164
0.798
0.79
0.785
0.779
0.776
0.774
0.769
0.766
0.765
0.764
0.759
0.755
0.752
0.748
0.746
0.738
0.734
0.731
0.713
0.71
0.703
0.699
0.696
0.691
0.69
0.686
0.671
0.67
0.669
0.666
0.663
0.66
0.657
0.647
0.646
0.643
0.638
0.632
0.629
0.623
0.613
0.603
0.602
0.601
0.598
0.597
0.593
0.588
0.574
0.566
0.562
0.554
0.553
0.551
0.541
0.535
0.532
0.529
0.528
0.521
0.519
0.501
0.498
0.483
0.48
0.478
0.477
0.467
0.466
0.464
0.462
0.458
0.456
0.447
0.444
0.441
0.44
0.436
0.427
0.426
0.425
0.424
0.423
0.418
0.413
0.402
0.398
0.389
0.383
0.382
0.379
0.378
0.377
0.372
0.367
0.365
0.36
0.359
0.358
0.353
0.344
0.339
0.336
0.331
0.319
0.318
0.317
0.316
0.299
0.294
0.284
0.283
0.278
0.276
0.275
0.266
0.258
0.255
0.254
0.252
0.247
0.242
0.235
0.232
0.231
0.229
0.228
0.222
0.213
0.212
0.207
0.205
0.196
0.195
0.192
0.184
0.183
0.181
0.164
0.158
0.155
0.149
0.141
0.138
0.136
0.134
0.132
0.124
0.097
0.087
0.083
0.076
0.072
0.071
0.07
0.069
0.058
0.053
0.051
0.038
0.033
0.031
0.028
0.005
