148
0.795
0.794
0.788
0.786
0.78
0.779
0.776
0.768
0.757
0.751
0.746
0.732
0.729
0.724
0.72
0.712
0.701
0.699
0.692
0.683
0.68
0.676
0.674
0.657
0.656
0.653
0.645
0.644
0.642
0.64
0.639
0.637
0.632
0.624
0.622
0.618
0.616
0.603
0.594
0.593
0.588
0.581
0.58
0.577
0.572
0.566
0.563
0.558
0.55
0.548
0.547
0.545
0.54
0.538
0.512
0.508
0.507
0.502
0.5
0.491
0.485
0.481
0.478
0.472
0.465
0.464
0.451
0.45
0.444
0.439
0.43
0.429
0.428
0.411
0.409
0.384
0.38
0.378
0.372
0.371
0.37
0.354
0.351
0.35
0.338
0.33
0.321
0.314
0.306
0.299
0.285
0.284
0.281
0.28
0.275
0.253
0.248
0.234
0.232
0.215
0.212
0.207
0.199
0.195
0.192
0.187
0.185
0.183
0.176
0.172
0.171
0.17
0.168
0.166
0.165
0.162
0.156
0.153
0.141
0.135
0.126
0.125
0.121
0.115
0.11
0.109
0.103
0.1
0.098
0.096
0.091
0.09
0.083
0.072
0.069
0.056
0.055
0.054
0.052
0.051
0.048
0.037
0.036
0.023
0.021
0.02
0.016
0.012
