158
0.783
0.782
0.78
0.774
0.768
0.764
0.757
0.753
0.751
0.75
0.748
0.743
0.718
0.713
0.712
0.706
0.705
0.695
0.688
0.686
0.685
0.684
0.675
0.674
0.673
0.671
0.666
0.665
0.647
0.641
0.638
0.637
0.634
0.629
0.613
0.604
0.6
0.599
0.593
0.588
0.584
0.57
0.569
0.567
0.565
0.556
0.552
0.549
0.548
0.545
0.544
0.538
0.525
0.524
0.523
0.505
0.504
0.501
0.496
0.493
0.49
0.487
0.486
0.485
0.481
0.476
0.471
0.47
0.468
0.463
0.46
0.457
0.454
0.444
0.443
0.439
0.438
0.436
0.434
0.431
0.426
0.422
0.419
0.412
0.395
0.38
0.366
0.354
0.34
0.334
0.324
0.323
0.32
0.317
0.316
0.309
0.301
0.299
0.29
0.288
0.286
0.272
0.271
0.264
0.253
0.239
0.231
0.226
0.214
0.204
0.189
0.184
0.177
0.174
0.172
0.169
0.168
0.163
0.16
0.152
0.149
0.144
0.142
0.137
0.135
0.123
0.122
0.121
0.12
0.113
0.109
0.108
0.106
0.105
0.103
0.1
0.098
0.097
0.094
0.092
0.09
0.086
0.084
0.074
0.066
0.064
0.059
0.056
0.054
0.051
0.046
0.043
0.04
0.038
0.036
0.016
0.014
0.003
