163
0.8
0.796
0.79
0.788
0.784
0.782
0.78
0.777
0.765
0.759
0.758
0.756
0.752
0.751
0.747
0.742
0.74
0.717
0.713
0.706
0.705
0.702
0.697
0.694
0.693
0.688
0.675
0.661
0.657
0.654
0.651
0.645
0.644
0.639
0.633
0.631
0.627
0.621
0.612
0.607
0.606
0.6
0.594
0.586
0.584
0.581
0.579
0.577
0.574
0.57
0.569
0.559
0.548
0.541
0.54
0.539
0.529
0.523
0.506
0.505
0.504
0.482
0.467
0.455
0.452
0.45
0.446
0.445
0.444
0.423
0.421
0.416
0.414
0.406
0.405
0.404
0.403
0.4
0.396
0.395
0.392
0.38
0.379
0.376
0.359
0.357
0.355
0.351
0.345
0.342
0.338
0.335
0.322
0.317
0.316
0.307
0.305
0.289
0.287
0.286
0.282
0.277
0.276
0.272
0.267
0.266
0.264
0.263
0.258
0.256
0.253
0.249
0.245
0.244
0.243
0.24
0.237
0.226
0.224
0.222
0.218
0.208
0.2
0.197
0.19
0.188
0.182
0.161
0.159
0.149
0.141
0.138
0.132
0.128
0.127
0.126
0.124
0.119
0.117
0.116
0.103
0.091
0.09
0.077
0.07
0.068
0.059
0.058
0.055
0.054
0.047
0.043
0.042
0.028
0.027
0.017
0.014
0.013
0.01
0.009
0.008
0.005
0.001
