144
0.789
0.787
0.786
0.781
0.777
0.774
0.773
0.77
0.763
0.757
0.753
0.748
0.727
0.726
0.716
0.707
0.703
0.7
0.695
0.681
0.676
0.675
0.664
0.661
0.654
0.649
0.645
0.639
0.626
0.62
0.613
0.612
0.605
0.601
0.589
0.586
0.577
0.562
0.561
0.548
0.536
0.523
0.511
0.5
0.498
0.493
0.488
0.484
0.483
0.482
0.478
0.464
0.461
0.458
0.438
0.436
0.434
0.431
0.42
0.419
0.416
0.415
0.414
0.413
0.41
0.4
0.393
0.385
0.373
0.372
0.369
0.351
0.342
0.321
0.32
0.317
0.313
0.307
0.301
0.3
0.299
0.288
0.275
0.27
0.267
0.26
0.257
0.256
0.253
0.248
0.237
0.234
0.227
0.216
0.214
0.208
0.202
0.192
0.191
0.188
0.173
0.169
0.164
0.16
0.155
0.151
0.145
0.14
0.131
0.13
0.127
0.124
0.117
0.116
0.108
0.107
0.106
0.097
0.094
0.092
0.086
0.08
0.077
0.076
0.075
0.073
0.07
0.067
0.062
0.059
0.054
0.053
0.05
0.049
0.048
0.046
0.041
0.04
0.032
0.029
0.028
0.027
0.024
0.019
