189
0.796
0.792
0.784
0.782
0.78
0.779
0.771
0.77
0.766
0.764
0.755
0.749
0.746
0.745
0.742
0.738
0.728
0.725
0.711
0.709
0.707
0.703
0.696
0.695
0.694
0.689
0.683
0.68
0.679
0.677
0.676
0.674
0.671
0.654
0.65
0.648
0.644
0.641
0.64
0.638
0.637
0.635
0.633
0.625
0.623
0.612
0.602
0.6
0.599
0.59
0.587
0.586
0.581
0.578
0.57
0.568
0.559
0.551
0.545
0.535
0.533
0.528
0.526
0.522
0.52
0.516
0.511
0.51
0.502
0.501
0.498
0.494
0.489
0.48
0.475
0.47
0.467
0.46
0.459
0.452
0.448
0.446
0.442
0.441
0.431
0.43
0.426
0.425
0.421
0.419
0.417
0.416
0.413
0.412
0.405
0.402
0.399
0.397
0.384
0.382
0.38
0.379
0.376
0.374
0.373
0.372
0.36
0.359
0.356
0.346
0.343
0.341
0.336
0.322
0.318
0.317
0.314
0.31
0.308
0.306
0.303
0.299
0.293
0.279
0.275
0.266
0.264
0.258
0.243
0.235
0.234
0.233
0.231
0.224
0.222
0.214
0.21
0.208
0.201
0.2
0.197
0.191
0.19
0.189
0.188
0.185
0.184
0.181
0.178
0.175
0.174
0.173
0.17
0.163
0.155
0.152
0.149
0.143
0.142
0.14
0.135
0.134
0.133
0.13
0.125
0.122
0.113
0.11
0.101
0.096
0.075
0.072
0.065
0.062
0.059
0.058
0.057
0.054
0.044
0.043
0.04
0.038
0.033
0.029
0.026
0.017
0.008
0.007
0.005
