177
0.7
0.699
0.697
0.693
0.692
0.688
0.684
0.681
0.672
0.67
0.669
0.666
0.665
0.661
0.656
0.654
0.652
0.65
0.647
0.638
0.631
0.628
0.626
0.625
0.624
0.621
0.617
0.614
0.607
0.603
0.598
0.595
0.592
0.588
0.584
0.581
0.58
0.553
0.552
0.543
0.542
0.54
0.539
0.537
0.529
0.527
0.525
0.521
0.52
0.519
0.513
0.508
0.5
0.499
0.494
0.491
0.481
0.472
0.468
0.463
0.462
0.456
0.454
0.453
0.452
0.451
0.45
0.449
0.448
0.442
0.439
0.429
0.427
0.421
0.419
0.413
0.412
0.406
0.398
0.388
0.375
0.366
0.364
0.361
0.353
0.352
0.351
0.348
0.347
0.344
0.342
0.338
0.336
0.334
0.331
0.329
0.321
0.319
0.318
0.317
0.314
0.313
0.304
0.303
0.302
0.293
0.292
0.282
0.281
0.28
0.276
0.266
0.26
0.259
0.258
0.256
0.253
0.252
0.241
0.231
0.229
0.226
0.225
0.216
0.214
0.211
0.201
0.2
0.198
0.197
0.195
0.193
0.19
0.186
0.185
0.179
0.176
0.17
0.169
0.168
0.158
0.153
0.148
0.142
0.14
0.139
0.138
0.135
0.134
0.133
0.131
0.13
0.124
0.116
0.114
0.111
0.106
0.104
0.102
0.101
0.099
0.089
0.088
0.086
0.085
0.078
0.069
0.063
0.047
0.045
0.032
0.023
0.022
0.017
0.01
0.003
0.001
