175
0.798
0.795
0.786
0.782
0.774
0.773
0.77
0.765
0.757
0.753
0.752
0.75
0.74
0.737
0.736
0.729
0.726
0.722
0.718
0.715
0.714
0.711
0.71
0.708
0.707
0.688
0.687
0.681
0.664
0.651
0.65
0.63
0.623
0.622
0.621
0.62
0.619
0.616
0.612
0.608
0.607
0.606
0.605
0.603
0.6
0.593
0.589
0.586
0.585
0.58
0.575
0.567
0.565
0.564
0.563
0.56
0.556
0.555
0.553
0.55
0.542
0.536
0.535
0.527
0.524
0.523
0.515
0.509
0.506
0.504
0.499
0.498
0.497
0.493
0.49
0.489
0.481
0.479
0.466
0.464
0.463
0.462
0.461
0.454
0.452
0.434
0.424
0.423
0.422
0.421
0.42
0.419
0.416
0.415
0.413
0.41
0.405
0.399
0.392
0.391
0.387
0.384
0.382
0.377
0.371
0.364
0.354
0.347
0.346
0.341
0.335
0.333
0.331
0.324
0.317
0.311
0.309
0.308
0.299
0.295
0.293
0.283
0.274
0.27
0.264
0.256
0.254
0.251
0.247
0.244
0.243
0.23
0.227
0.215
0.213
0.209
0.207
0.204
0.2
0.198
0.175
0.144
0.142
0.141
0.138
0.129
0.126
0.124
0.122
0.121
0.112
0.11
0.104
0.092
0.091
0.083
0.081
0.079
0.076
0.075
0.069
0.068
0.064
0.053
0.052
0.05
0.047
0.037
0.024
0.023
0.018
0.014
0.01
0.009
0.007
