144
0.696
0.69
0.687
0.681
0.679
0.678
0.677
0.676
0.675
0.665
0.658
0.651
0.65
0.645
0.644
0.642
0.64
0.636
0.635
0.631
0.63
0.629
0.616
0.61
0.609
0.607
0.598
0.596
0.595
0.589
0.579
0.578
0.574
0.571
0.57
0.559
0.556
0.555
0.553
0.551
0.545
0.536
0.534
0.53
0.522
0.514
0.51
0.503
0.501
0.496
0.493
0.491
0.488
0.487
0.482
0.476
0.471
0.47
0.465
0.46
0.456
0.455
0.454
0.451
0.444
0.442
0.44
0.439
0.436
0.435
0.434
0.428
0.427
0.424
0.42
0.408
0.403
0.394
0.391
0.385
0.382
0.377
0.374
0.365
0.357
0.355
0.341
0.329
0.328
0.327
0.318
0.312
0.3
0.297
0.294
0.291
0.29
0.284
0.281
0.277
0.265
0.257
0.248
0.245
0.244
0.242
0.236
0.23
0.227
0.225
0.201
0.196
0.191
0.172
0.165
0.164
0.16
0.158
0.157
0.154
0.146
0.145
0.141
0.139
0.136
0.128
0.126
0.123
0.12
0.116
0.111
0.109
0.108
0.105
0.101
0.09
0.088
0.085
0.08
0.077
0.072
0.065
0.064
0.053
