141
0.793
0.791
0.771
0.755
0.752
0.75
0.748
0.746
0.723
0.72
0.709
0.695
0.694
0.682
0.68
0.678
0.659
0.65
0.649
0.637
0.63
0.616
0.608
0.6
0.599
0.598
0.597
0.592
0.591
0.578
0.577
0.571
0.567
0.556
0.54
0.536
0.532
0.527
0.525
0.515
0.512
0.511
0.504
0.501
0.5
0.498
0.494
0.469
0.466
0.46
0.456
0.455
0.452
0.449
0.439
0.429
0.423
0.416
0.414
0.407
0.406
0.405
0.403
0.4
0.398
0.394
0.384
0.383
0.381
0.376
0.374
0.37
0.368
0.367
0.362
0.361
0.36
0.349
0.325
0.32
0.316
0.309
0.308
0.303
0.299
0.291
0.288
0.284
0.282
0.276
0.275
0.255
0.246
0.242
0.235
0.224
0.214
0.21
0.198
0.189
0.175
0.174
0.173
0.151
0.145
0.143
0.137
0.136
0.135
0.129
0.125
0.116
0.113
0.11
0.105
0.102
0.096
0.092
0.087
0.082
0.078
0.074
0.061
0.06
0.054
0.053
0.049
0.047
0.04
0.039
0.034
0.031
0.027
0.022
0.019
0.013
0.011
0.009
0.006
0.005
0.003
