165
0.8
0.784
0.783
0.779
0.777
0.776
0.773
0.769
0.766
0.763
0.758
0.757
0.748
0.742
0.74
0.73
0.728
0.726
0.72
0.719
0.715
0.714
0.707
0.703
0.697
0.694
0.68
0.672
0.671
0.666
0.663
0.658
0.656
0.654
0.653
0.639
0.637
0.636
0.634
0.619
0.615
0.614
0.612
0.606
0.604
0.6
0.596
0.59
0.585
0.581
0.58
0.578
0.576
0.568
0.566
0.564
0.551
0.549
0.542
0.54
0.531
0.53
0.508
0.505
0.499
0.495
0.494
0.487
0.485
0.482
0.472
0.47
0.469
0.468
0.456
0.45
0.447
0.428
0.421
0.409
0.402
0.397
0.394
0.384
0.383
0.373
0.371
0.37
0.366
0.364
0.361
0.354
0.35
0.344
0.342
0.341
0.321
0.315
0.314
0.308
0.306
0.297
0.296
0.295
0.285
0.284
0.269
0.267
0.262
0.261
0.254
0.251
0.246
0.244
0.24
0.238
0.237
0.232
0.222
0.221
0.22
0.219
0.217
0.205
0.199
0.198
0.196
0.195
0.193
0.191
0.182
0.18
0.177
0.176
0.168
0.157
0.156
0.152
0.151
0.146
0.145
0.124
0.123
0.122
0.103
0.099
0.092
0.09
0.086
0.078
0.069
0.068
0.066
0.065
0.062
0.058
0.055
0.046
0.039
0.033
0.025
0.022
0.02
0.015
0.012
