158
0.799
0.791
0.786
0.781
0.776
0.771
0.768
0.767
0.764
0.755
0.75
0.749
0.748
0.747
0.743
0.738
0.735
0.734
0.724
0.721
0.72
0.705
0.704
0.703
0.701
0.698
0.697
0.692
0.689
0.685
0.677
0.672
0.67
0.667
0.665
0.65
0.645
0.637
0.631
0.627
0.625
0.623
0.615
0.606
0.605
0.601
0.592
0.586
0.584
0.582
0.581
0.578
0.577
0.573
0.566
0.555
0.553
0.546
0.545
0.544
0.54
0.533
0.529
0.523
0.518
0.517
0.505
0.5
0.491
0.486
0.465
0.461
0.458
0.447
0.44
0.439
0.438
0.436
0.433
0.431
0.428
0.415
0.411
0.406
0.392
0.39
0.389
0.386
0.385
0.384
0.382
0.381
0.376
0.375
0.372
0.368
0.355
0.35
0.349
0.348
0.335
0.329
0.328
0.326
0.325
0.321
0.313
0.295
0.293
0.292
0.278
0.275
0.272
0.258
0.257
0.256
0.252
0.251
0.25
0.243
0.222
0.22
0.218
0.217
0.216
0.199
0.193
0.192
0.164
0.154
0.153
0.146
0.142
0.132
0.131
0.127
0.125
0.12
0.119
0.106
0.104
0.09
0.079
0.074
0.067
0.066
0.063
0.055
0.05
0.049
0.047
0.029
0.022
0.021
0.015
0.013
0.009
0.006
