163
0.699
0.694
0.692
0.684
0.682
0.68
0.679
0.674
0.668
0.667
0.665
0.663
0.65
0.649
0.647
0.646
0.645
0.644
0.638
0.634
0.63
0.627
0.623
0.614
0.609
0.606
0.603
0.599
0.596
0.592
0.588
0.587
0.585
0.579
0.572
0.571
0.569
0.564
0.562
0.557
0.556
0.555
0.552
0.548
0.546
0.545
0.542
0.537
0.531
0.528
0.527
0.525
0.521
0.52
0.518
0.516
0.511
0.506
0.5
0.498
0.495
0.487
0.479
0.478
0.469
0.46
0.455
0.45
0.449
0.447
0.444
0.443
0.438
0.435
0.433
0.426
0.425
0.423
0.419
0.414
0.411
0.404
0.403
0.396
0.395
0.393
0.389
0.386
0.376
0.362
0.36
0.358
0.356
0.35
0.347
0.336
0.332
0.319
0.318
0.315
0.311
0.31
0.309
0.308
0.3
0.28
0.275
0.274
0.263
0.259
0.257
0.251
0.249
0.237
0.225
0.217
0.206
0.203
0.198
0.195
0.192
0.19
0.185
0.184
0.179
0.175
0.167
0.163
0.159
0.154
0.152
0.149
0.141
0.14
0.129
0.127
0.125
0.122
0.112
0.111
0.109
0.107
0.102
0.089
0.088
0.087
0.085
0.077
0.075
0.068
0.062
0.055
0.051
0.048
0.042
0.041
0.037
0.036
0.034
0.028
0.025
0.006
0.005
