143
0.8
0.798
0.788
0.758
0.755
0.754
0.752
0.747
0.742
0.734
0.731
0.726
0.722
0.717
0.716
0.704
0.699
0.698
0.695
0.682
0.671
0.67
0.669
0.668
0.667
0.65
0.645
0.644
0.643
0.634
0.63
0.621
0.617
0.61
0.588
0.585
0.574
0.569
0.548
0.544
0.541
0.537
0.519
0.516
0.506
0.501
0.498
0.496
0.495
0.489
0.483
0.473
0.469
0.464
0.46
0.458
0.449
0.443
0.44
0.437
0.436
0.43
0.427
0.424
0.423
0.419
0.411
0.41
0.408
0.402
0.401
0.388
0.378
0.374
0.373
0.372
0.37
0.367
0.365
0.358
0.355
0.345
0.341
0.339
0.338
0.324
0.32
0.316
0.305
0.302
0.291
0.283
0.275
0.268
0.266
0.262
0.249
0.247
0.245
0.236
0.234
0.232
0.231
0.23
0.228
0.22
0.216
0.205
0.201
0.197
0.194
0.193
0.19
0.187
0.175
0.166
0.164
0.141
0.138
0.135
0.123
0.121
0.116
0.111
0.101
0.099
0.087
0.086
0.077
0.075
0.073
0.07
0.066
0.062
0.054
0.053
0.051
0.047
0.043
0.04
0.027
0.017
0.012
