148
0.8
0.796
0.788
0.777
0.774
0.773
0.769
0.753
0.751
0.748
0.741
0.736
0.731
0.726
0.717
0.716
0.714
0.708
0.707
0.699
0.693
0.69
0.689
0.688
0.683
0.681
0.679
0.667
0.659
0.656
0.651
0.649
0.644
0.63
0.629
0.615
0.599
0.584
0.564
0.561
0.558
0.552
0.531
0.526
0.525
0.523
0.518
0.517
0.515
0.513
0.512
0.503
0.502
0.5
0.499
0.498
0.493
0.487
0.484
0.476
0.47
0.462
0.453
0.449
0.448
0.446
0.44
0.439
0.438
0.434
0.433
0.431
0.424
0.41
0.405
0.404
0.403
0.378
0.377
0.372
0.369
0.366
0.36
0.358
0.356
0.345
0.332
0.321
0.32
0.308
0.294
0.291
0.29
0.285
0.282
0.273
0.269
0.263
0.26
0.258
0.252
0.238
0.237
0.234
0.226
0.225
0.218
0.211
0.2
0.196
0.195
0.191
0.179
0.173
0.169
0.158
0.153
0.148
0.146
0.142
0.137
0.136
0.132
0.131
0.123
0.12
0.117
0.106
0.102
0.1
0.098
0.094
0.091
0.089
0.088
0.075
0.074
0.068
0.048
0.046
0.045
0.039
0.029
0.028
0.027
0.021
0.015
0.012
