174
0.7
0.698
0.691
0.687
0.682
0.679
0.677
0.667
0.666
0.663
0.654
0.653
0.652
0.648
0.646
0.645
0.644
0.639
0.631
0.63
0.628
0.627
0.626
0.624
0.619
0.611
0.61
0.608
0.603
0.599
0.598
0.595
0.592
0.586
0.579
0.568
0.567
0.562
0.557
0.556
0.554
0.553
0.55
0.543
0.541
0.535
0.534
0.533
0.532
0.531
0.527
0.524
0.52
0.519
0.518
0.517
0.515
0.51
0.509
0.508
0.498
0.492
0.479
0.477
0.473
0.469
0.465
0.463
0.457
0.451
0.447
0.437
0.432
0.419
0.418
0.415
0.407
0.405
0.403
0.4
0.393
0.391
0.39
0.388
0.363
0.357
0.354
0.35
0.348
0.347
0.342
0.339
0.333
0.33
0.325
0.321
0.308
0.303
0.301
0.3
0.285
0.281
0.277
0.274
0.271
0.27
0.268
0.258
0.256
0.253
0.25
0.248
0.244
0.229
0.223
0.221
0.22
0.218
0.21
0.209
0.208
0.206
0.196
0.193
0.188
0.186
0.185
0.177
0.172
0.167
0.16
0.157
0.149
0.148
0.147
0.145
0.144
0.143
0.13
0.128
0.125
0.12
0.118
0.105
0.1
0.099
0.098
0.096
0.094
0.092
0.089
0.086
0.085
0.083
0.08
0.073
0.069
0.063
0.062
0.055
0.053
0.052
0.042
0.039
0.033
0.022
0.02
0.019
0.015
0.01
0.009
0.008
0.006
0.003
