160
0.697
0.688
0.687
0.682
0.68
0.677
0.676
0.673
0.671
0.664
0.663
0.661
0.65
0.646
0.644
0.636
0.63
0.626
0.624
0.616
0.608
0.607
0.606
0.601
0.599
0.593
0.585
0.584
0.579
0.578
0.573
0.572
0.57
0.566
0.565
0.555
0.552
0.543
0.54
0.535
0.532
0.53
0.528
0.525
0.517
0.516
0.514
0.512
0.511
0.509
0.508
0.506
0.499
0.498
0.491
0.489
0.481
0.475
0.474
0.47
0.465
0.464
0.455
0.454
0.453
0.444
0.443
0.439
0.432
0.428
0.425
0.423
0.421
0.42
0.414
0.41
0.409
0.407
0.405
0.4
0.398
0.395
0.393
0.39
0.379
0.372
0.368
0.364
0.361
0.357
0.356
0.346
0.343
0.341
0.339
0.334
0.328
0.326
0.325
0.323
0.321
0.31
0.308
0.306
0.304
0.301
0.299
0.292
0.288
0.281
0.275
0.274
0.272
0.27
0.267
0.264
0.253
0.228
0.226
0.222
0.211
0.203
0.202
0.198
0.189
0.183
0.18
0.178
0.177
0.172
0.17
0.168
0.155
0.153
0.152
0.145
0.139
0.137
0.135
0.118
0.116
0.113
0.106
0.105
0.098
0.088
0.077
0.076
0.067
0.063
0.06
0.05
0.046
0.045
0.044
0.038
0.027
0.016
0.014
0.009
