139
0.696
0.694
0.689
0.683
0.68
0.678
0.674
0.672
0.67
0.669
0.668
0.666
0.664
0.661
0.646
0.645
0.642
0.639
0.627
0.607
0.606
0.6
0.597
0.595
0.585
0.577
0.575
0.573
0.572
0.569
0.546
0.539
0.534
0.528
0.523
0.522
0.507
0.502
0.501
0.492
0.484
0.478
0.47
0.467
0.464
0.458
0.454
0.453
0.449
0.447
0.446
0.434
0.432
0.43
0.429
0.428
0.426
0.421
0.416
0.412
0.405
0.403
0.402
0.4
0.391
0.389
0.387
0.383
0.382
0.379
0.377
0.374
0.365
0.364
0.362
0.354
0.348
0.346
0.345
0.34
0.338
0.337
0.331
0.329
0.318
0.315
0.306
0.304
0.301
0.299
0.288
0.287
0.285
0.283
0.27
0.266
0.262
0.261
0.259
0.255
0.254
0.249
0.246
0.245
0.232
0.229
0.214
0.213
0.207
0.204
0.196
0.187
0.186
0.178
0.17
0.159
0.155
0.152
0.138
0.128
0.126
0.123
0.118
0.117
0.115
0.111
0.098
0.093
0.091
0.089
0.087
0.076
0.068
0.064
0.055
0.015
0.014
0.009
0.006
