179
0.794
0.793
0.792
0.79
0.788
0.787
0.784
0.78
0.779
0.776
0.774
0.772
0.77
0.767
0.762
0.758
0.756
0.753
0.75
0.747
0.74
0.729
0.728
0.724
0.719
0.71
0.702
0.693
0.69
0.686
0.682
0.669
0.662
0.656
0.655
0.653
0.641
0.637
0.634
0.633
0.631
0.628
0.626
0.625
0.621
0.61
0.605
0.6
0.59
0.583
0.579
0.578
0.568
0.567
0.563
0.562
0.559
0.552
0.549
0.548
0.546
0.542
0.54
0.533
0.529
0.524
0.522
0.521
0.511
0.5
0.499
0.492
0.489
0.486
0.483
0.466
0.465
0.463
0.455
0.451
0.445
0.431
0.426
0.424
0.411
0.41
0.405
0.404
0.388
0.379
0.366
0.364
0.362
0.361
0.35
0.348
0.345
0.344
0.335
0.327
0.323
0.321
0.319
0.315
0.313
0.312
0.3
0.296
0.286
0.285
0.28
0.277
0.269
0.267
0.266
0.262
0.261
0.243
0.234
0.232
0.23
0.228
0.225
0.219
0.217
0.215
0.214
0.208
0.207
0.202
0.199
0.195
0.193
0.186
0.183
0.18
0.178
0.176
0.174
0.173
0.172
0.168
0.163
0.161
0.159
0.158
0.15
0.148
0.14
0.138
0.133
0.126
0.117
0.116
0.115
0.111
0.109
0.106
0.1
0.097
0.094
0.092
0.09
0.084
0.072
0.071
0.066
0.053
0.051
0.049
0.041
0.04
0.031
0.028
0.01
0.007
0.005
0.003
0.001
