173
0.699
0.698
0.695
0.693
0.677
0.665
0.663
0.658
0.656
0.654
0.647
0.644
0.643
0.639
0.638
0.636
0.63
0.622
0.618
0.613
0.61
0.608
0.599
0.598
0.597
0.592
0.591
0.587
0.584
0.58
0.577
0.576
0.57
0.566
0.565
0.564
0.561
0.558
0.556
0.553
0.55
0.542
0.539
0.535
0.533
0.532
0.531
0.529
0.528
0.526
0.525
0.523
0.519
0.512
0.506
0.5
0.494
0.491
0.49
0.486
0.485
0.484
0.482
0.475
0.472
0.46
0.458
0.436
0.435
0.433
0.43
0.428
0.427
0.426
0.423
0.415
0.409
0.407
0.404
0.402
0.398
0.396
0.395
0.392
0.388
0.384
0.373
0.372
0.356
0.355
0.353
0.352
0.345
0.332
0.329
0.318
0.316
0.315
0.307
0.306
0.292
0.289
0.288
0.287
0.286
0.285
0.283
0.282
0.28
0.279
0.272
0.268
0.263
0.261
0.256
0.25
0.246
0.245
0.244
0.243
0.237
0.233
0.223
0.214
0.213
0.212
0.211
0.208
0.203
0.199
0.191
0.186
0.184
0.176
0.175
0.166
0.158
0.157
0.153
0.146
0.144
0.143
0.142
0.135
0.131
0.123
0.122
0.12
0.119
0.115
0.114
0.111
0.107
0.105
0.101
0.099
0.095
0.091
0.084
0.067
0.065
0.047
0.045
0.038
0.032
0.03
0.013
0.011
0.01
0.008
0.007
0.006
0.004
