59
0.22 0.17
0.35 0.2
0.17 0.18
0.23 0.06
0.13 0.28
0.31 0.33
0.25 0.16
0.28 0.21
0.11 0.32
0.3 0.1
0.1 0.33
0.29 0.15
0.01 0.23
0.28 0.29
0.13 0.18
0.1 0.21
0.14 0.11
0.35 0.06
0.2 0.04
0.02 0.11
0.23 0.13
0.33 0.06
0.27 0.31
0.14 0.05
0.13 0.27
0.19 0.01
0.07 0.16
0.29 0.33
0.13 0.26
0.01 0.12
0.13 0.24
0.09 0.34
0.33 0.27
0.34 0.34
0.07 0.28
0.32 0.27
0.22 0.29
0.08 0.06
0.33 0.12
0.11 0.08
0.1 0.03
0.01 0.16
0.03 0.07
0.14 0.2
0.06 0.04
0.32 0.26
0.2 0.22
0.12 0.12
0.29 0.08
0.22 0.05
0.26 0.16
0.04 0.14
0.33 0.17
0.26 0.23
0.16 0.04
0.11 0.14
0.28 0.15
0.31 0.14
0.26 0.3
