97
0.38 0.36
0.74 0.74
0.18 0.75
0.38 0.48
0.27 0.97
0.04 0.49
0.14 0.29
0.24 0.85
0.28 0.16
0.46 0.35
0.2 0.06
0.21 0.2
0.41 0.48
0.49 0.33
0.39 0.44
0.3 0.24
0.15 0.43
0.14 0.43
0.19 0.44
0.5 0.4
0.01 0.99
0.4 0.14
0.11 0.69
0.33 0.17
0.49 0.16
0.85 0.47
0.27 0.06
0.08 0.45
0.28 0.42
0.3 0.14
0.32 0.69
0.29 0.36
0.39 0.48
0.07 0.11
1.0 0.18
0.12 0.39
0.12 0.16
0.45 0.19
0.78 0.92
0.06 0.03
0.47 0.46
0.45 0.39
0.19 0.27
0.12 0.85
0.44 0.37
0.07 0.21
0.21 0.25
0.3 0.77
0.02 0.4
0.31 0.14
0.35 0.33
0.09 0.16
0.22 0.05
0.65 0.69
0.11 0.04
0.5 0.26
0.03 0.31
0.13 0.36
0.48 0.36
0.03 0.49
0.46 0.78
0.21 0.15
0.47 0.3
0.17 0.33
0.01 0.19
0.41 0.05
0.57 0.85
0.43 0.29
0.17 0.3
0.23 0.06
0.3 0.02
0.31 0.37
0.45 0.03
0.17 0.2
0.14 0.31
0.3 0.06
0.35 0.37
0.22 0.97
0.09 0.8
0.41 0.37
0.91 0.34
0.39 0.87
0.17 0.24
0.5 0.42
0.36 0.38
0.49 0.34
0.82 0.11
0.08 0.4
0.66 0.62
0.45 0.49
0.11 0.43
0.09 0.12
0.09 0.5
0.67 0.27
0.72 0.36
0.23 0.45
0.13 0.49
