98
0.46 0.48
0.08 0.78
0.09 0.46
0.41 0.49
0.25 0.22
0.03 0.33
0.93 0.75
0.91 0.68
0.15 0.07
0.09 0.08
0.4 0.17
0.04 0.66
0.18 0.04
0.26 0.46
0.48 0.2
0.77 0.94
0.32 0.13
0.06 0.45
0.18 0.34
0.12 0.49
0.07 0.34
0.98 0.06
0.49 0.11
0.09 0.76
0.96 0.16
0.49 0.29
0.43 0.49
0.18 0.44
0.43 0.1
0.14 0.13
0.98 0.48
0.38 0.34
0.04 0.15
0.4 0.09
0.75 0.1
0.2 0.9
0.26 0.32
0.27 0.77
0.92 0.82
0.13 0.49
0.1 0.11
0.27 0.36
0.32 0.17
0.18 0.25
0.06 0.01
0.38 0.16
0.33 0.13
0.35 0.11
0.62 0.53
0.11 0.09
0.96 0.71
0.14 0.1
0.82 0.67
0.97 0.13
0.21 0.41
0.68 0.2
0.13 0.43
0.41 0.29
0.07 0.22
0.06 0.41
0.05 0.3
0.49 0.07
0.55 0.65
0.19 0.25
0.09 0.29
0.18 0.46
0.76 0.2
0.45 0.2
0.25 0.39
0.49 0.47
0.37 0.91
0.87 0.27
0.02 0.11
0.42 0.72
0.2 0.14
0.3 0.45
0.41 0.97
0.46 0.34
0.15 0.04
0.4 0.25
0.41 0.41
0.12 0.19
0.21 0.05
0.12 0.17
0.04 0.48
0.39 0.18
0.28 0.17
0.29 0.26
0.19 0.43
0.41 0.35
0.13 0.98
0.86 0.47
0.1 0.29
0.48 0.73
0.1 0.39
0.43 0.3
0.75 0.27
0.16 1.0
