100
0.44 0.55
0.21 0.02
0.15 0.73
0.16 0.89
0.45 0.05
0.59 0.11
0.45 0.29
0.26 0.14
0.58 0.55
0.29 0.74
0.62 0.28
0.12 0.04
0.69 0.26
0.54 0.48
0.23 0.6
0.65 0.83
0.02 0.74
0.89 0.21
0.16 0.47
0.05 0.06
0.12 0.88
0.24 0.16
0.65 0.44
0.9 0.61
0.87 0.91
0.8 0.87
0.24 0.4
0.07 0.71
0.51 0.37
0.13 0.25
0.82 0.58
0.78 0.92
0.59 0.15
0.13 0.5
0.61 0.53
0.6 0.11
0.99 0.49
1.0 0.2
0.18 0.14
0.42 0.53
0.94 0.92
0.31 0.22
0.4 0.63
0.45 0.71
1.0 0.35
0.94 0.78
0.51 0.55
0.25 0.55
0.05 1.0
0.13 0.45
0.05 0.8
0.7 0.27
0.31 0.41
0.42 0.12
0.92 0.61
0.04 0.43
0.34 0.49
0.7 1.0
0.34 0.51
0.82 0.92
0.03 0.45
0.19 0.65
0.86 0.41
0.92 0.95
0.6 0.84
0.46 0.95
0.37 0.52
0.57 0.09
0.61 0.56
0.38 0.14
0.1 0.4
0.33 0.22
0.95 0.83
0.19 0.77
0.6 0.94
0.08 0.57
0.83 0.2
0.43 0.72
0.76 0.37
0.04 0.68
0.82 0.56
1.0 0.22
0.8 0.23
0.77 0.46
0.8 0.14
0.12 0.83
0.28 0.41
0.16 0.11
1.0 0.49
0.34 0.42
0.08 0.15
0.43 0.21
0.96 0.5
0.55 0.24
0.43 0.98
0.14 0.63
0.59 0.39
0.98 0.82
0.88 0.81
0.18 0.59
