80
0.67 0.49
0.93 0.83
0.65 0.93
0.9 0.73
0.57 0.91
0.89 0.91
0.27 0.41
0.91 0.86
0.83 0.45
0.47 0.1
1.0 0.5
0.54 0.61
0.04 0.1
0.65 0.91
0.85 0.72
0.79 0.98
0.96 0.37
0.97 0.83
0.31 0.05
0.66 0.96
0.96 0.75
0.89 0.87
0.89 0.99
0.64 0.55
0.1 0.26
0.96 0.03
0.71 0.06
0.75 0.77
0.85 0.88
0.59 0.8
0.4 0.23
0.98 0.11
0.72 0.61
0.87 0.69
0.33 0.67
0.86 0.06
0.8 0.47
0.76 0.7
0.88 0.94
0.75 0.62
0.82 0.94
0.27 0.33
0.04 0.98
0.82 0.8
0.53 0.52
0.89 0.56
0.88 0.11
1.0 0.6
0.88 0.72
0.63 0.92
0.22 0.91
0.8 0.51
0.83 0.54
1.0 0.9
0.73 0.75
0.72 0.55
0.41 0.49
0.97 0.99
0.36 0.25
0.75 0.7
0.59 0.53
0.07 0.2
0.6 0.86
0.9 0.97
0.9 0.7
0.77 0.51
0.97 0.58
0.17 0.9
0.82 1.0
0.59 0.96
0.97 0.43
0.06 0.9
0.9 0.4
0.53 0.51
0.54 0.89
0.55 0.97
0.5 0.92
0.59 0.69
0.75 0.97
0.77 0.2
