99
0.25 0.39
0.64 0.55
0.37 0.48
0.58 0.59
0.76 0.59
0.06 0.42
0.94 0.74
0.56 0.51
0.89 0.92
0.59 0.9
0.61 0.62
0.16 0.69
0.63 0.86
0.74 1.0
0.42 0.13
0.36 0.8
0.49 0.43
0.5 0.7
0.84 0.74
0.68 0.98
0.97 0.59
0.39 0.68
0.38 0.99
0.12 0.37
0.56 0.89
0.88 0.98
0.67 0.33
0.67 0.87
0.77 0.8
1.0 0.54
0.79 0.8
0.85 1.0
0.59 0.82
0.73 0.72
0.68 0.88
0.63 0.73
0.04 0.98
0.71 0.02
0.68 0.58
0.54 0.58
0.1 0.23
0.54 0.94
0.3 0.93
0.07 0.06
0.28 0.1
0.62 0.97
0.53 0.83
0.7 0.64
0.08 0.72
0.82 0.6
0.89 0.88
0.98 0.35
0.99 0.7
0.63 0.87
0.36 0.69
0.84 0.67
0.5 0.93
0.07 0.83
0.44 0.34
0.33 0.11
0.16 0.84
0.61 0.75
0.15 0.24
0.93 0.66
0.91 0.73
0.78 0.86
0.96 0.75
0.65 0.84
0.69 0.09
0.9 0.89
1.0 0.62
0.78 1.0
0.96 0.94
0.95 0.63
0.95 0.52
0.4 0.87
0.47 0.93
0.61 0.5
0.52 0.54
0.62 0.73
0.11 0.48
0.9 0.99
0.71 0.69
0.97 0.77
0.35 0.78
0.87 0.09
0.51 0.95
0.43 0.96
0.71 0.99
0.82 0.8
0.94 0.81
1.0 0.7
0.79 0.42
0.96 0.63
0.48 0.31
0.2 0.1
0.79 0.97
0.71 0.58
0.63 0.91
