60
0.66 0.23
0.87 0.07
0.12 0.72
0.91 0.01
0.83 0.25
0.8 0.49
0.94 0.18
0.88 0.5
0.11 0.92
0.8 0.03
0.88 0.37
0.92 0.09
0.71 0.14
0.89 0.19
0.9 0.18
0.7 0.31
0.16 1.0
0.08 0.46
1.0 0.11
0.37 0.14
0.91 0.49
0.96 0.35
0.76 0.64
0.28 0.71
0.19 0.72
0.94 0.35
0.75 0.31
0.81 0.64
0.74 0.31
1.0 0.48
0.75 0.09
0.98 0.33
0.78 0.15
0.8 0.22
0.25 0.99
0.81 0.13
0.35 0.1
0.67 0.07
0.98 0.49
0.73 0.04
0.75 0.17
0.98 0.04
0.32 0.73
0.73 0.07
0.68 0.35
0.67 0.13
0.85 0.36
0.81 0.22
0.69 0.15
0.7 0.84
0.36 0.81
0.96 0.99
0.79 0.07
1.0 0.16
0.69 0.2
0.87 0.37
0.45 0.11
0.93 0.1
0.37 0.86
0.84 0.37
