59
0.02 0.81
0.32 0.7
0.12 0.72
0.37 0.66
0.83 0.25
0.21 0.99
0.42 0.77
0.88 0.5
0.11 0.92
0.21 0.67
0.33 0.91
0.39 0.72
0.08 0.75
0.34 0.78
0.36 0.78
0.07 0.87
0.16 1.0
0.08 0.46
0.5 0.73
0.37 0.14
0.37 0.99
0.44 0.89
0.76 0.64
0.28 0.71
0.19 0.72
0.41 0.9
0.14 0.87
0.81 0.64
0.12 0.87
0.5 0.99
0.14 0.71
0.98 0.33
0.18 0.75
0.8 0.22
0.25 0.99
0.23 0.74
0.35 0.1
0.03 0.7
0.48 1.0
0.11 0.68
0.13 0.77
0.47 0.68
0.32 0.73
0.11 0.7
0.04 0.9
0.03 0.75
0.28 0.91
0.23 0.81
0.06 0.76
0.7 0.84
0.36 0.81
0.96 0.99
0.19 0.7
0.5 0.77
0.06 0.79
0.31 0.91
0.45 0.11
0.4 0.72
0.37 0.86
