99
0.46 0.99
0.08 0.78
0.09 0.46
0.41 0.99
0.25 0.8
0.03 0.88
0.44 0.83
0.42 0.79
0.15 0.07
0.09 0.71
0.9 0.66
0.04 0.66
0.18 0.68
0.26 0.97
0.48 0.79
0.27 0.96
0.32 0.74
0.06 0.97
0.18 0.89
0.12 1.0
0.07 0.89
0.98 0.06
0.99 0.6
0.09 0.76
0.96 0.16
0.49 0.85
0.43 0.99
0.67 0.94
0.43 0.72
0.14 0.74
0.98 0.48
0.38 0.34
0.04 0.76
0.4 0.71
0.75 0.1
0.2 0.9
0.26 0.88
0.27 0.77
0.42 0.88
0.13 1.0
0.1 0.11
0.27 0.9
0.32 0.77
0.18 0.82
0.06 0.66
0.38 0.77
0.33 0.75
0.35 0.73
0.13 0.68
0.11 0.71
0.46 0.8
0.14 0.72
0.97 0.13
0.21 0.94
0.68 0.2
0.13 0.95
0.41 0.86
0.07 0.81
0.06 0.94
0.05 0.3
0.49 0.7
0.05 0.76
0.19 0.83
0.09 0.85
0.18 0.97
0.76 0.2
0.45 0.79
0.25 0.93
0.49 0.98
0.37 0.91
0.87 0.27
0.02 0.73
0.42 0.72
0.2 0.75
0.3 0.97
0.41 0.97
0.96 0.83
0.15 0.04
0.4 0.83
0.91 0.9
0.12 0.79
0.21 0.69
0.12 0.77
0.04 0.99
0.4 0.17
0.39 0.78
0.95 0.7
0.28 0.77
0.29 0.83
0.19 0.43
0.41 0.9
0.13 0.98
0.86 0.47
0.1 0.86
0.48 0.73
0.1 0.93
0.93 0.79
0.75 0.27
0.16 1.0
