40
0.08333333333333333 0.19
0.21333333333333335 0.006666666666666667
0.16 0.21666666666666667
0.10666666666666667 0.11333333333333333
0.023333333333333334 0.10666666666666667
0.31 0.043333333333333335
0.15333333333333332 0.22666666666666666
0.18333333333333332 0.056666666666666664
0.14333333333333334 0.056666666666666664
0.21666666666666667 0.19
0.03333333333333333 0.19333333333333333
0.3333333333333333 0.25666666666666665
0.3 0.006666666666666667
0.23666666666666666 0.18333333333333332
0.20666666666666667 0.31
0.07 0.01
0.12333333333333334 0.02666666666666667
0.10333333333333333 0.21333333333333335
0.19333333333333333 0.2
0.03 0.056666666666666664
0.016666666666666666 0.30333333333333334
0.0033333333333333335 0.24
0.29 0.27
0.2833333333333333 0.25
0.16666666666666666 0.13666666666666666
0.23666666666666666 0.006666666666666667
0.23333333333333334 0.04666666666666667
0.013333333333333334 0.21666666666666667
0.2 0.26
0.20666666666666667 0.02666666666666667
0.21333333333333335 0.15
0.18666666666666668 0.03333333333333333
0.19666666666666666 0.19666666666666666
0.1 0.27
0.19 0.32666666666666666
0.21 0.21666666666666667
0.006666666666666667 0.24
0.21333333333333335 0.13666666666666666
0.24 0.09333333333333334
0.26666666666666666 0.06666666666666667
