60
0.45 0.14
0.82 0.71
0.71 1.0
0.04 0.16
1.0 0.63
0.52 0.61
0.81 0.54
0.86 0.12
0.66 0.74
0.9 0.14
0.53 0.72
0.67 0.68
0.94 0.98
0.78 0.77
0.38 0.01
0.77 0.38
0.84 0.82
0.83 0.51
0.83 0.91
0.28 0.19
0.85 0.78
0.5 0.92
0.91 0.94
0.66 0.12
0.99 0.86
0.79 0.87
0.59 0.57
0.85 0.65
0.73 0.55
0.69 0.97
0.9 0.83
0.81 0.81
0.59 0.87
0.7 0.69
0.88 0.2
0.89 0.59
0.57 0.8
0.84 0.52
0.86 0.68
0.57 0.99
0.67 0.85
0.59 0.98
0.51 0.79
0.39 0.49
0.89 0.51
0.97 0.53
0.79 0.51
0.82 0.61
0.23 0.29
0.95 0.72
0.68 0.85
0.36 0.91
0.67 0.69
0.54 0.52
0.68 0.8
0.67 0.22
0.73 0.7
0.77 0.94
0.81 0.88
0.8 0.69
