79
0.35 0.625
0.05 0.2
0.475 0.55
0.65 0.125
0.8 0.3
0.5 0.1
0.55 0.575
0.275 0.475
0.15 0.575
0.075 0.2
0.25 0.7
0.275 0.225
0.075 0.75
0.7 0.1
0.025 0.825
0.575 0.475
0.775 0.425
0.275 0.575
0.675 0.25
0.475 0.8
0.125 0.375
0.4 0.075
0.65 0.35
0.475 0.225
0.625 0.825
0.45 0.825
0.425 0.15
0.45 0.75
0.725 0.475
0.85 0.1
0.75 0.725
0.625 0.175
0.05 0.125
0.7 0.75
0.125 0.8
0.6 0.175
0.225 0.825
0.125 0.6
0.75 0.3
0.25 0.075
0.6 0.45
0.525 0.45
0.775 0.275
0.7 0.375
0.775 0.675
0.025 0.5
0.425 0.325
0.65 0.075
0.65 0.775
0.625 0.325
0.15 0.375
0.025 0.25
0.425 0.4
0.125 0.75
0.725 0.625
0.725 0.5
0.575 0.3
0.2 0.2
0.65 0.675
0.15 0.675
0.175 0.875
0.35 0.425
0.575 0.35
0.2 0.275
0.525 0.1
0.625 0.05
0.7 0.575
0.325 0.725
0.3 0.7
0.825 0.075
0.6 0.525
0.45 0.5
0.55 0.5
0.5 0.375
0.225 0.375
0.775 0.1
0.025 0.3
0.475 0.3
0.6 0.6
