100
0.7 0.74
0.53 0.52
0.62 0.75
0.41 0.12
0.7 0.05
0.69 0.24
0.54 0.62
0.98 0.9
0.54 0.98
0.19 0.08
0.09 0.12
0.67 0.79
0.64 0.52
0.96 0.03
0.24 0.22
0.49 0.3
0.86 0.69
0.81 0.59
0.66 0.44
0.91 0.92
0.69 0.97
0.86 0.28
0.9 0.78
0.46 0.77
0.64 0.87
0.9 0.57
0.41 0.82
0.73 0.02
0.8 0.38
0.12 0.5
0.67 0.31
0.89 1.0
0.92 0.01
0.95 0.52
0.27 1.0
0.78 0.58
0.68 0.75
0.9 0.68
0.62 0.8
0.79 0.8
0.59 0.61
0.97 0.95
0.72 0.22
0.92 0.62
0.62 0.59
0.65 0.83
0.68 0.76
0.66 0.56
0.78 0.69
0.96 0.83
0.9 0.91
0.52 0.62
0.53 0.91
0.38 0.97
0.22 0.78
0.5 0.8
0.92 0.74
0.91 0.68
0.65 0.57
0.72 0.1
0.92 0.68
0.56 0.53
0.71 0.57
0.31 1.0
0.53 0.75
0.33 0.5
0.89 0.69
0.63 0.52
0.76 0.93
0.71 0.58
0.67 0.94
0.08 0.17
0.61 0.72
0.81 0.29
0.71 0.29
0.63 0.93
0.57 0.63
0.84 0.6
0.6 0.76
0.81 0.8
0.16 0.77
0.08 0.04
0.74 0.85
0.6 0.79
0.36 0.87
0.93 0.58
1.0 0.55
0.51 0.91
0.67 0.57
0.89 0.75
0.37 0.92
0.05 0.13
0.6 0.96
0.98 0.53
0.86 0.81
0.19 0.48
0.65 0.95
0.68 0.94
0.97 0.87
0.97 0.43
