60
0.23666666666666666 0.24666666666666667
0.08666666666666667 0.25
0.16 0.16
0.09 0.056666666666666664
0.28 0.12
0.25 0.31666666666666665
0.2966666666666667 0.05333333333333334
0.16 0.17666666666666667
0.02666666666666667 0.32666666666666666
0.19 0.23333333333333334
0.06 0.09
0.15666666666666668 0.18666666666666668
0.10333333333333333 0.26666666666666666
0.31333333333333335 0.18333333333333332
0.30333333333333334 0.23333333333333334
0.03666666666666667 0.15666666666666668
0.25333333333333335 0.13333333333333333
0.13666666666666666 0.13333333333333333
0.32 0.23
0.21 0.27
0.3233333333333333 0.22
0.29 0.15333333333333332
0.18666666666666668 0.25666666666666665
0.19666666666666666 0.16
0.2833333333333333 0.26666666666666666
0.18333333333333332 0.1
0.09 0.2833333333333333
0.29333333333333333 0.23333333333333334
0.2 0.12666666666666668
0.3333333333333333 0.2633333333333333
0.32 0.05
0.23666666666666666 0.006666666666666667
0.26666666666666666 0.09333333333333334
0.03666666666666667 0.05333333333333334
0.29333333333333333 0.07
0.21666666666666667 0.11
0.10333333333333333 0.24333333333333335
0.03333333333333333 0.3233333333333333
0.18666666666666668 0.31333333333333335
0.19333333333333333 0.2866666666666667
0.12666666666666668 0.09333333333333334
0.17666666666666667 0.03666666666666667
0.3 0.18333333333333332
0.24 0.05333333333333334
0.18333333333333332 0.27666666666666667
0.09333333333333334 0.2633333333333333
0.04 0.19666666666666666
0.21333333333333335 0.04
0.24 0.19666666666666666
0.19333333333333333 0.19333333333333333
0.26 0.32
0.07 0.32
0.03333333333333333 0.043333333333333335
0.32666666666666666 0.12
0.25666666666666665 0.29333333333333333
0.22333333333333333 0.07666666666666666
0.08 0.10666666666666667
0.12666666666666668 0.11666666666666667
0.1 0.3
0.18666666666666668 0.27666666666666667
