80
0.65 0.8
0.95 0.23
0.88 0.48
0.86 0.24
0.67 0.44
0.96 0.28
0.25 0.18
0.91 0.35
1.0 0.2
0.7 0.44
0.28 0.5
0.06 0.07
0.72 0.08
0.32 0.22
0.96 0.44
0.91 0.41
0.31 0.07
0.78 0.12
0.21 0.99
0.86 0.36
0.75 0.18
0.77 0.14
0.72 0.16
0.88 0.44
0.71 0.41
0.84 0.27
0.72 0.44
0.99 0.13
0.75 0.25
0.99 0.01
0.8 0.35
0.84 0.43
0.82 0.71
0.32 0.92
0.97 0.36
0.65 0.85
0.73 0.29
0.84 0.36
0.31 1.0
0.66 0.89
0.67 0.49
0.89 0.46
0.84 0.25
0.85 0.05
0.69 0.3
0.02 0.17
0.36 0.74
0.67 0.32
0.79 0.22
0.87 0.5
0.7 0.1
0.92 0.21
0.46 0.27
0.81 0.45
0.39 0.8
0.9 0.22
0.89 0.43
0.84 0.02
0.88 0.43
0.97 0.34
0.89 0.2
0.94 0.2
0.91 0.26
0.76 0.08
0.45 0.72
0.78 0.49
0.05 0.21
0.99 0.44
0.77 0.11
0.55 0.91
0.88 0.28
0.95 0.41
0.51 0.73
0.55 0.94
0.82 0.47
0.99 0.5
0.48 0.99
0.78 0.09
0.83 0.27
0.76 0.21
