100
0.76 0.47
0.71 0.71
0.67 0.01
0.52 0.59
0.49 0.01
0.13 0.17
0.33 0.27
0.32 0.88
0.65 0.88
0.2 0.51
0.21 0.3
0.22 0.16
0.13 0.3
0.16 0.28
0.86 0.99
0.12 0.65
0.17 0.82
0.55 0.39
0.17 0.57
0.23 0.92
0.3 0.34
0.27 0.04
0.36 0.58
0.11 0.84
0.43 0.06
0.54 0.79
0.98 0.91
0.65 0.65
0.78 0.56
0.91 0.54
0.93 0.8
0.08 0.89
0.89 0.72
0.27 0.5
0.44 0.78
0.94 0.46
0.67 0.76
0.85 0.23
0.04 0.76
0.12 0.58
0.33 0.24
0.2 0.62
0.64 0.96
0.86 0.8
0.42 0.04
0.21 0.9
0.45 0.92
0.7 0.02
0.84 0.39
0.1 0.61
0.03 0.55
0.53 0.44
0.81 0.85
0.42 0.64
0.27 0.06
0.57 0.64
0.88 0.29
0.08 0.23
0.4 1.0
0.39 0.5
0.94 0.95
0.28 0.91
0.96 0.27
0.86 0.24
0.22 0.39
0.58 0.59
0.84 0.09
0.22 0.42
0.27 0.48
0.88 0.49
0.28 0.01
0.01 0.92
0.98 0.45
0.39 0.15
0.81 0.92
0.13 0.97
0.57 0.86
0.67 0.48
0.34 0.05
0.8 0.13
0.59 0.6
0.61 0.69
0.09 0.95
0.57 0.27
0.94 0.88
0.44 0.33
0.6 0.51
0.33 0.63
0.84 0.27
0.7 0.3
0.78 0.95
0.31 0.77
0.85 0.65
0.28 0.82
0.83 0.82
0.06 0.56
0.85 0.24
0.42 0.44
0.33 0.02
0.47 0.23
