78
0.725 0.35
0.55 0.475
0.275 0.85
0.1 0.2
0.5 0.175
0.55 0.125
0.375 0.5
0.525 0.375
0.875 0.775
0.725 0.45
0.6 0.175
0.375 0.15
0.25 0.85
0.7 0.475
0.8 0.025
0.675 0.025
0.875 0.375
0.4 0.375
0.3 0.55
0.225 0.775
0.05 0.35
0.85 0.675
0.5 0.775
0.625 0.825
0.575 0.425
0.825 0.4
0.375 0.025
0.35 0.675
0.325 0.5
0.2 0.575
0.175 0.525
0.75 0.225
0.05 0.75
0.05 0.875
0.35 0.425
0.825 0.55
0.85 0.825
0.875 0.25
0.8 0.825
0.825 0.375
0.575 0.575
0.8 0.725
0.85 0.45
0.875 0.225
0.05 0.1
0.125 0.05
0.1 0.225
0.2 0.275
0.85 0.075
0.275 0.7
0.375 0.05
0.775 0.6
0.5 0.8
0.6 0.3
0.725 0.725
0.75 0.525
0.875 0.175
0.725 0.475
0.2 0.725
0.35 0.55
0.8 0.7
0.575 0.525
0.725 0.525
0.025 0.55
0.1 0.825
0.3 0.1
0.2 0.875
0.575 0.75
0.775 0.175
0.4 0.825
0.225 0.275
0.45 0.75
0.675 0.4
0.8 0.3
0.15 0.05
0.1 0.45
0.55 0.8
0.475 0.125
