98
0.66 0.22
0.71 0.37
0.52 0.58
0.86 0.06
0.7 0.23
0.85 0.28
0.14 0.75
0.7 0.02
0.82 0.35
0.73 0.3
0.87 0.82
0.97 0.11
0.67 0.08
0.69 0.44
0.81 0.12
0.97 0.31
0.44 0.44
0.12 0.79
0.19 0.68
0.7 0.13
0.97 0.41
0.3 0.71
0.84 0.07
0.72 0.5
0.09 0.07
0.98 0.21
0.16 0.11
0.9 0.2
1.0 0.18
0.28 0.98
0.74 0.28
0.23 0.03
0.67 0.4
0.8 0.35
0.8 0.06
0.8 0.46
0.77 0.25
0.26 0.35
0.94 0.46
0.88 0.02
0.95 0.21
0.42 0.46
0.81 0.48
0.69 0.19
0.87 0.28
0.79 0.19
0.77 0.11
0.88 0.98
0.86 0.47
0.72 0.04
0.71 0.86
0.89 0.38
0.94 0.28
0.73 0.5
0.39 0.81
0.94 0.4
0.75 0.21
0.82 0.08
0.17 0.21
0.73 0.04
0.99 0.25
1.0 0.28
0.7 0.32
0.94 0.3
0.44 0.41
0.9 0.09
0.72 0.03
0.83 0.66
0.02 0.78
0.89 0.02
0.23 0.37
0.91 0.16
0.21 0.71
0.96 0.07
0.99 0.32
0.67 0.26
0.67 0.09
0.76 0.23
0.9 0.38
0.86 0.48
0.97 0.21
0.99 0.01
0.89 0.07
0.79 0.32
1.0 0.45
0.93 0.91
0.44 0.37
0.2 0.84
0.76 0.31
1.0 0.42
0.15 0.29
0.88 0.35
0.95 0.29
0.77 0.05
0.69 0.03
0.33 0.92
0.97 0.79
0.94 0.97
