59
0.15 0.28
0.26 0.08
0.16 0.14
0.28 0.33
0.1 0.25
0.3 0.32
0.25 0.05
0.14 0.09
0.29 0.18
0.06 0.14
0.02 0.31
0.12 0.05
0.08 0.25
0.1 0.19
0.14 0.29
0.29 0.04
0.02 0.1
0.01 0.2
0.34 0.19
0.14 0.02
0.08 0.13
0.24 0.01
0.11 0.32
0.34 0.09
0.33 0.2
0.27 0.29
0.1 0.06
0.27 0.07
0.27 0.27
0.06 0.05
0.06 0.3
0.12 0.28
0.21 0.07
0.04 0.21
0.17 0.31
0.2 0.1
0.22 0.13
0.06 0.01
0.04 0.16
0.24 0.08
0.14 0.08
0.07 0.23
0.1 0.04
0.08 0.17
0.31 0.33
0.17 0.03
0.2 0.27
0.03 0.1
0.07 0.04
0.18 0.05
0.3 0.23
0.18 0.06
0.35 0.21
0.13 0.11
0.01 0.03
0.03 0.22
0.27 0.18
0.22 0.22
0.19 0.07
