60
0.02 0.23
0.32 0.07
0.12 0.1
0.37 0.66
0.83 0.25
0.21 0.49
0.42 0.18
0.88 0.5
0.11 0.38
0.71 0.52
0.33 0.91
0.39 0.72
0.08 0.14
0.34 0.19
0.36 0.78
0.07 0.31
0.16 0.5
0.08 0.46
0.5 0.11
0.37 0.14
0.37 0.99
0.44 0.35
0.26 0.15
0.28 0.09
0.19 0.09
0.41 0.35
0.14 0.31
0.32 0.15
0.12 0.31
0.5 0.48
0.14 0.09
0.98 0.33
0.18 0.15
0.8 0.22
0.25 0.48
0.23 0.13
0.35 0.1
0.03 0.07
0.48 1.0
0.61 0.53
0.13 0.17
0.47 0.04
0.32 0.12
0.6 0.57
0.53 0.85
0.03 0.13
0.28 0.36
0.23 0.22
0.55 0.65
0.21 0.34
0.36 0.22
0.46 0.49
0.19 0.07
0.5 0.16
0.06 0.79
0.31 0.37
0.45 0.11
0.4 0.72
0.37 0.29
0.28 0.37
