98
0.4 0.475
0.2 0.025
0.15 0.65
0.15 0.775
0.4 0.05
0.525 0.1
0.4 0.25
0.225 0.125
0.5 0.475
0.25 0.65
0.55 0.25
0.125 0.05
0.6 0.225
0.475 0.425
0.2 0.525
0.575 0.725
0.025 0.65
0.8 0.2
0.15 0.425
0.05 0.05
0.1 0.775
0.225 0.15
0.575 0.4
0.8 0.55
0.775 0.8
0.7 0.775
0.225 0.35
0.075 0.625
0.45 0.325
0.125 0.225
0.725 0.525
0.7 0.8
0.525 0.15
0.125 0.45
0.55 0.475
0.875 0.425
0.875 0.175
0.175 0.125
0.375 0.475
0.825 0.825
0.275 0.2
0.35 0.55
0.4 0.625
0.875 0.325
0.825 0.7
0.45 0.5
0.225 0.5
0.05 0.875
0.125 0.4
0.05 0.7
0.625 0.25
0.275 0.375
0.375 0.1
0.825 0.55
0.05 0.375
0.3 0.425
0.625 0.875
0.3 0.45
0.725 0.8
0.025 0.4
0.175 0.575
0.75 0.375
0.825 0.85
0.525 0.75
0.4 0.85
0.325 0.45
0.5 0.1
0.55 0.5
0.35 0.125
0.1 0.35
0.3 0.2
0.85 0.725
0.175 0.675
0.525 0.825
0.075 0.5
0.725 0.175
0.375 0.65
0.675 0.325
0.05 0.6
0.725 0.5
0.875 0.2
0.7 0.2
0.675 0.4
0.7 0.125
0.1 0.725
0.25 0.375
0.15 0.1
0.3 0.375
0.075 0.125
0.375 0.2
0.85 0.45
0.5 0.225
0.375 0.875
0.125 0.55
0.525 0.35
0.875 0.725
0.775 0.725
0.175 0.525
