60
0.14666666666666667 0.03333333333333333
0.17666666666666667 0.056666666666666664
0.07666666666666666 0.19333333333333333
0.03666666666666667 0.07333333333333333
0.016666666666666666 0.10333333333333333
0.09333333333333334 0.13666666666666666
0.11333333333333333 0.13333333333333333
0.04666666666666667 0.17
0.29333333333333333 0.09666666666666666
0.043333333333333335 0.21333333333333335
0.26 0.25666666666666665
0.013333333333333334 0.08
0.16 0.31333333333333335
0.32666666666666666 0.02666666666666667
0.25333333333333335 0.08
0.13 0.09666666666666666
0.24666666666666667 0.15333333333333332
0.013333333333333334 0.1
0.2833333333333333 0.23333333333333334
0.02 0.2966666666666667
0.29333333333333333 0.14
0.29333333333333333 0.06
0.31 0.12666666666666668
0.09 0.2
0.15333333333333332 0.23333333333333334
0.12333333333333334 0.31
0.07666666666666666 0.27666666666666667
0.2 0.09666666666666666
0.12 0.18
0.24666666666666667 0.04
0.09666666666666666 0.31333333333333335
0.30333333333333334 0.06666666666666667
0.27 0.16
0.18333333333333332 0.21333333333333335
0.006666666666666667 0.31
0.14666666666666667 0.2966666666666667
0.12 0.13666666666666666
0.23 0.23666666666666666
0.20666666666666667 0.12
0.24666666666666667 0.07666666666666666
0.30333333333333334 0.18333333333333332
0.12333333333333334 0.29333333333333333
0.22333333333333333 0.03666666666666667
0.23 0.15
0.22333333333333333 0.15666666666666668
0.05333333333333334 0.016666666666666666
0.013333333333333334 0.13666666666666666
0.17666666666666667 0.03666666666666667
0.06666666666666667 0.013333333333333334
0.31333333333333335 0.14
0.31666666666666665 0.27
0.27 0.03333333333333333
0.13333333333333333 0.16666666666666666
0.31 0.19
0.32666666666666666 0.07
0.13666666666666666 0.21
0.15666666666666668 0.13
0.23333333333333334 0.12666666666666668
0.33 0.2733333333333333
0.18666666666666668 0.09
