99
0.02666666666666667 0.27666666666666667
0.02 0.2833333333333333
0.18 0.14333333333333334
0.14 0.2633333333333333
0.30666666666666664 0.16333333333333333
0.19666666666666666 0.14333333333333334
0.10666666666666667 0.27
0.11333333333333333 0.06666666666666667
0.06333333333333334 0.16
0.26 0.29333333333333333
0.10666666666666667 0.32
0.12 0.19666666666666666
0.26666666666666666 0.0033333333333333335
0.2833333333333333 0.26
0.02666666666666667 0.25333333333333335
0.12333333333333334 0.07
0.31666666666666665 0.21666666666666667
0.12 0.33
0.17 0.15
0.2 0.19666666666666666
0.06666666666666667 0.09333333333333334
0.06666666666666667 0.25333333333333335
0.27 0.19333333333333333
0.2 0.21
0.15 0.043333333333333335
0.19333333333333333 0.21
0.18666666666666668 0.01
0.08666666666666667 0.18333333333333332
0.30333333333333334 0.24666666666666667
0.023333333333333334 0.16666666666666666
0.21 0.01
0.26666666666666666 0.30333333333333334
0.04666666666666667 0.006666666666666667
0.18333333333333332 0.19333333333333333
0.08 0.04666666666666667
0.25666666666666665 0.2
0.01 0.056666666666666664
0.08333333333333333 0.14
0.32 0.08
0.27 0.25666666666666665
0.23666666666666666 0.31
0.22666666666666666 0.18333333333333332
0.31 0.056666666666666664
0.006666666666666667 0.23
0.28 0.10666666666666667
0.20333333333333334 0.21
0.29333333333333333 0.16666666666666666
0.18333333333333332 0.05
0.28 0.05
0.1 0.12333333333333334
0.27666666666666667 0.013333333333333334
0.21333333333333335 0.24333333333333335
0.09666666666666666 0.1
0.22 0.33
0.33 0.12
0.27666666666666667 0.09666666666666666
0.016666666666666666 0.3333333333333333
0.3 0.016666666666666666
0.30666666666666664 0.11333333333333333
0.0033333333333333335 0.023333333333333334
0.12333333333333334 0.27
0.19333333333333333 0.14666666666666667
0.17 0.06333333333333334
0.13333333333333333 0.20666666666666667
0.2633333333333333 0.2
0.19333333333333333 0.12333333333333334
0.33 0.16
0.19 0.2733333333333333
0.07 0.20333333333333334
0.043333333333333335 0.13666666666666666
0.3 0.03333333333333333
0.13 0.30333333333333334
0.28 0.13333333333333333
0.2633333333333333 0.14666666666666667
0.043333333333333335 0.09
0.03333333333333333 0.14666666666666667
0.07666666666666666 0.28
0.14333333333333334 0.23
0.30666666666666664 0.18
0.08 0.09666666666666666
0.09666666666666666 0.05333333333333334
0.1 0.23333333333333334
0.26666666666666666 0.27
0.23666666666666666 0.23
0.07666666666666666 0.30666666666666664
0.31 0.12666666666666668
0.23 0.09333333333333334
0.24333333333333335 0.06666666666666667
0.20333333333333334 0.0033333333333333335
0.07333333333333333 0.31
0.26 0.17666666666666667
0.2833333333333333 0.23333333333333334
0.10333333333333333 0.21333333333333335
0.13 0.31
0.21666666666666667 0.14666666666666667
0.32 0.13666666666666666
0.18666666666666668 0.12666666666666668
0.3333333333333333 0.08333333333333333
0.056666666666666664 0.07666666666666666
