76
0.1 0.33
0.25 0.32
0.23 0.16
0.35 0.27
0.33 0.15
0.03 0.11
0.1 0.23
0.26 0.35
0.02 0.09
0.04 0.21
0.04 0.22
0.21 0.08
0.18 0.21
0.01 0.12
0.25 0.1
0.16 0.24
0.17 0.03
0.13 0.13
0.34 0.28
0.18 0.31
0.2 0.19
0.01 0.35
0.03 0.27
0.12 0.27
0.23 0.08
0.09 0.24
0.24 0.02
0.29 0.18
0.33 0.24
0.2 0.14
0.2 0.31
0.07 0.25
0.31 0.1
0.01 0.29
0.01 0.08
0.26 0.27
0.14 0.34
0.2 0.26
0.05 0.11
0.12 0.07
0.25 0.11
0.05 0.31
0.29 0.17
0.14 0.33
0.23 0.19
0.31 0.28
0.22 0.22
0.26 0.09
0.18 0.07
0.15 0.14
0.14 0.01
0.24 0.23
0.27 0.07
0.22 0.3
0.14 0.06
0.13 0.25
0.24 0.26
0.06 0.34
0.25 0.23
0.19 0.13
0.07 0.33
0.21 0.23
0.33 0.02
0.28 0.35
0.01 0.25
0.33 0.03
0.15 0.21
0.22 0.09
0.21 0.35
0.17 0.16
0.32 0.16
0.25 0.09
0.05 0.13
0.26 0.26
0.14 0.19
0.12 0.12
