97
0.225 0.075
0.275 0.325
0.5 0.775
0.775 0.725
0.425 0.7
0.825 0.6
0.1 0.575
0.2 0.275
0.75 0.475
0.775 0.475
0.45 0.775
0.275 0.4
0.175 0.425
0.3 0.45
0.3 0.4
0.075 0.425
0.675 0.175
0.825 0.425
0.45 0.475
0.625 0.825
0.075 0.5
0.45 0.575
0.2 0.65
0.7 0.65
0.075 0.725
0.275 0.525
0.05 0.825
0.175 0.05
0.825 0.475
0.775 0.2
0.775 0.325
0.125 0.45
0.225 0.475
0.1 0.625
0.8 0.475
0.175 0.825
0.8 0.1
0.2 0.55
0.625 0.325
0.225 0.5
0.075 0.7
0.675 0.775
0.15 0.1
0.45 0.875
0.325 0.4
0.55 0.6
0.45 0.225
0.475 0.075
0.575 0.3
0.05 0.525
0.25 0.65
0.2 0.025
0.125 0.85
0.5 0.425
0.325 0.675
0.7 0.375
0.375 0.25
0.075 0.525
0.025 0.8
0.725 0.125
0.3 0.425
0.7 0.425
0.675 0.05
0.125 0.35
0.125 0.1
0.275 0.025
0.475 0.35
0.025 0.675
0.35 0.05
0.4 0.4
0.425 0.45
0.025 0.125
0.85 0.475
0.45 0.275
0.2 0.25
0.875 0.625
0.075 0.15
0.85 0.425
0.55 0.825
0.675 0.2
0.775 0.025
0.15 0.075
0.45 0.5
0.125 0.05
0.525 0.4
0.7 0.85
0.825 0.125
0.525 0.775
0.55 0.375
0.275 0.25
0.025 0.825
0.2 0.425
0.225 0.825
0.875 0.45
0.6 0.65
0.8 0.5
0.45 0.125
