76
0.25 0.825
0.625 0.8
0.575 0.4
0.875 0.675
0.825 0.375
0.075 0.275
0.25 0.575
0.65 0.875
0.05 0.225
0.1 0.525
0.1 0.55
0.525 0.2
0.45 0.525
0.025 0.3
0.625 0.25
0.4 0.6
0.425 0.075
0.325 0.325
0.85 0.7
0.45 0.775
0.5 0.475
0.025 0.875
0.075 0.675
0.3 0.675
0.575 0.2
0.225 0.6
0.6 0.05
0.725 0.45
0.825 0.6
0.5 0.35
0.5 0.775
0.175 0.625
0.775 0.25
0.025 0.725
0.025 0.2
0.65 0.675
0.35 0.85
0.5 0.65
0.125 0.275
0.3 0.175
0.625 0.275
0.125 0.775
0.725 0.425
0.35 0.825
0.575 0.475
0.775 0.7
0.55 0.55
0.65 0.225
0.45 0.175
0.375 0.35
0.35 0.025
0.6 0.575
0.675 0.175
0.55 0.75
0.35 0.15
0.325 0.625
0.6 0.65
0.15 0.85
0.625 0.575
0.475 0.325
0.175 0.825
0.525 0.575
0.825 0.05
0.7 0.875
0.025 0.625
0.825 0.075
0.375 0.525
0.55 0.225
0.525 0.875
0.425 0.4
0.8 0.4
0.625 0.225
0.125 0.325
0.65 0.65
0.35 0.475
0.3 0.3
