59
0.375 0.7
0.65 0.2
0.4 0.35
0.7 0.825
0.25 0.625
0.75 0.8
0.625 0.125
0.35 0.225
0.725 0.45
0.15 0.35
0.05 0.775
0.3 0.125
0.2 0.625
0.25 0.475
0.35 0.725
0.725 0.1
0.05 0.25
0.025 0.5
0.85 0.475
0.35 0.05
0.2 0.325
0.6 0.025
0.275 0.8
0.85 0.225
0.825 0.5
0.675 0.725
0.25 0.15
0.675 0.175
0.675 0.675
0.15 0.125
0.15 0.75
0.3 0.7
0.525 0.175
0.1 0.525
0.425 0.775
0.5 0.25
0.55 0.325
0.15 0.025
0.1 0.4
0.6 0.2
0.35 0.2
0.175 0.575
0.25 0.1
0.2 0.425
0.775 0.825
0.425 0.075
0.5 0.675
0.075 0.25
0.175 0.1
0.45 0.125
0.75 0.575
0.45 0.15
0.875 0.525
0.325 0.275
0.025 0.075
0.075 0.55
0.675 0.45
0.55 0.55
0.475 0.175
