59
0.4 0.525
0.5 0.025
0.55 0.125
0.175 0.7
0.15 0.225
0.65 0.025
0.45 0.05
0.275 0.45
0.375 0.85
0.3 0.3
0.025 0.725
0.575 0.875
0.675 0.625
0.25 0.2
0.375 0.05
0.65 0.125
0.1 0.575
0.675 0.175
0.25 0.55
0.45 0.15
0.6 0.325
0.325 0.125
0.4 0.625
0.125 0.55
0.875 0.65
0.825 0.3
0.15 0.8
0.2 0.35
0.875 0.875
0.65 0.25
0.85 0.1
0.55 0.65
0.775 0.6
0.275 0.775
0.7 0.475
0.5 0.15
0.175 0.625
0.475 0.325
0.725 0.625
0.55 0.525
0.725 0.25
0.55 0.275
0.55 0.475
0.6 0.225
0.875 0.85
0.15 0.5
0.075 0.25
0.825 0.575
0.05 0.325
0.375 0.375
0.85 0.65
0.5 0.425
0.4 0.225
0.175 0.8
0.575 0.6
0.05 0.125
0.875 0.15
0.275 0.825
0.2 0.075
