60
0.5 0.62
0.74 0.83
0.66 0.66
0.98 0.07
0.58 0.73
0.71 0.58
0.79 0.83
1.0 0.39
0.85 0.45
0.81 0.97
0.68 0.11
0.65 0.82
0.58 0.79
0.67 0.46
0.91 0.5
0.92 0.87
0.5 0.75
0.85 0.56
0.89 0.51
0.81 0.53
0.54 0.82
0.8 0.79
0.99 0.65
0.81 0.83
0.7 0.5
0.86 0.63
0.21 0.93
0.93 0.73
0.98 0.81
0.04 0.1
0.53 0.76
0.67 0.74
0.37 0.24
0.83 0.67
0.99 0.74
0.52 0.88
0.38 0.28
0.74 0.87
0.55 0.84
1.0 0.63
0.01 0.96
0.77 0.68
0.82 0.06
0.08 0.01
0.74 0.7
0.92 0.6
0.53 0.89
0.78 0.99
0.6 0.59
0.78 0.15
0.95 0.83
0.6 0.58
0.08 0.73
0.55 0.81
0.98 0.9
0.53 0.81
0.66 0.72
0.54 0.58
0.63 0.57
0.59 0.64
