97
0.17 0.23
0.13 0.15
0.03 0.02
0.18 0.29
0.32 0.09
0.29 0.09
0.04 0.01
0.01 0.05
0.04 0.17
0.09 0.1
0.24 0.03
0.34 0.28
0.34 0.22
0.32 0.04
0.13 0.06
0.08 0.35
0.25 0.06
0.13 0.2
0.02 0.15
0.02 0.11
0.31 0.02
0.16 0.33
0.34 0.17
0.34 0.21
0.14 0.17
0.15 0.26
0.22 0.07
0.31 0.04
0.15 0.01
0.29 0.3
0.33 0.28
0.01 0.14
0.21 0.2
0.2 0.18
0.06 0.28
0.32 0.12
0.26 0.11
0.3 0.1
0.28 0.06
0.17 0.06
0.04 0.29
0.08 0.02
0.27 0.02
0.32 0.15
0.22 0.01
0.1 0.02
0.28 0.35
0.01 0.02
0.08 0.27
0.32 0.02
0.35 0.05
0.25 0.19
0.2 0.07
0.18 0.1
0.26 0.13
0.28 0.13
0.21 0.17
0.12 0.09
0.21 0.21
0.09 0.26
0.18 0.07
0.33 0.32
0.16 0.02
0.08 0.07
0.3 0.09
0.07 0.15
0.18 0.09
0.11 0.23
0.18 0.3
0.12 0.14
0.12 0.05
0.14 0.12
0.26 0.2
0.32 0.24
0.29 0.31
0.24 0.28
0.02 0.09
0.29 0.18
0.07 0.03
0.27 0.32
0.1 0.16
0.01 0.21
0.17 0.31
0.32 0.3
0.29 0.13
0.05 0.24
0.03 0.11
0.07 0.07
0.13 0.18
0.05 0.03
0.06 0.15
0.05 0.15
0.22 0.35
0.18 0.13
0.35 0.03
0.24 0.35
0.14 0.14
