99
0.93 0.53
0.84 0.22
0.25 0.8
0.3 0.22
0.59 0.66
0.72 0.24
0.98 0.89
0.78 0.3
0.92 0.4
0.53 0.88
0.88 0.19
0.18 0.5
0.86 0.26
0.72 0.14
0.29 0.72
0.8 0.81
0.87 0.23
0.85 0.02
0.91 0.13
0.04 0.25
0.97 0.32
0.07 0.66
0.7 0.28
0.92 0.3
0.8 0.02
0.99 0.12
0.88 0.53
0.86 0.97
0.71 0.34
0.01 0.35
0.87 0.42
0.96 0.25
0.71 0.28
0.65 0.68
0.91 0.42
0.75 0.15
0.18 0.33
0.42 0.15
0.03 0.03
0.96 0.66
0.94 0.01
0.86 0.22
0.87 0.26
0.93 0.3
0.82 0.29
0.29 0.41
0.8 0.11
0.97 0.05
0.2 0.2
0.89 0.72
0.81 0.07
0.74 0.42
0.12 0.15
0.9 0.15
0.93 0.41
0.98 0.36
0.98 0.19
0.72 0.35
0.31 0.66
0.27 0.11
0.43 0.9
0.98 0.16
0.88 0.22
0.79 0.48
1.0 0.13
0.96 0.09
0.97 0.06
0.81 0.47
0.79 0.02
0.68 0.13
0.8 0.01
0.92 0.08
0.5 0.52
0.83 0.3
0.08 0.7
0.76 0.3
0.96 0.15
0.71 0.08
0.7 0.26
0.69 0.14
0.99 0.39
0.04 0.47
0.77 0.06
0.69 0.09
0.14 0.25
0.72 0.49
0.92 0.48
0.78 0.16
0.94 0.23
0.85 0.12
0.81 0.01
0.94 0.35
0.87 0.32
0.57 0.86
0.77 0.16
0.84 0.15
0.87 0.03
1.0 0.23
0.74 0.93
