79
0.525 0.75
0.225 0.275
0.75 0.4
0.85 0.15
0.425 0.575
0.525 0.425
0.775 0.475
0.225 0.05
0.775 0.5
0.325 0.85
0.5 0.425
0.65 0.6
0.35 0.4
0.425 0.875
0.125 0.775
0.875 0.875
0.8 0.5
0.1 0.125
0.15 0.525
0.825 0.175
0.575 0.4
0.775 0.25
0.45 0.775
0.65 0.725
0.125 0.875
0.55 0.55
0.325 0.225
0.85 0.675
0.275 0.375
0.525 0.65
0.325 0.525
0.475 0.25
0.3 0.25
0.275 0.45
0.3 0.175
0.575 0.775
0.725 0.4
0.625 0.15
0.475 0.475
0.775 0.425
0.55 0.175
0.85 0.225
0.45 0.475
0.1 0.25
0.85 0.025
0.6 0.6
0.125 0.375
0.475 0.75
0.375 0.75
0.65 0.575
0.575 0.675
0.65 0.1
0.775 0.8
0.275 0.625
0.525 0.375
0.525 0.2
0.475 0.625
0.875 0.675
0.75 0.55
0.3 0.7
0.85 0.175
0.6 0.05
0.6 0.8
0.45 0.6
0.05 0.475
0.5 0.1
0.875 0.1
0.025 0.3
0.225 0.7
0.45 0.65
0.05 0.575
0.4 0.4
0.5 0.35
0.55 0.875
0.175 0.15
0.15 0.125
0.675 0.375
0.475 0.825
0.325 0.8
