60
0.19 0.13
0.09 0.13
0.34 0.15
0.21 0.28
0.12 0.34
0.26 0.31
0.25 0.27
0.16 0.05
0.19 0.32
0.31 0.11
0.23 0.3
0.15 0.17
0.04 0.14
0.32 0.05
0.13 0.22
0.14 0.02
0.07 0.34
0.13 0.11
0.26 0.09
0.2 0.13
0.15 0.2
0.05 0.01
0.35 0.12
0.18 0.13
0.21 0.13
0.17 0.3
0.24 0.26
0.05 0.09
0.01 0.32
0.32 0.23
0.25 0.24
0.22 0.19
0.07 0.05
0.12 0.24
0.1 0.26
0.19 0.07
0.02 0.09
0.35 0.17
0.33 0.28
0.28 0.13
0.27 0.28
0.14 0.33
0.22 0.02
0.21 0.23
0.33 0.23
0.17 0.1
0.17 0.03
0.18 0.33
0.15 0.03
0.15 0.02
0.05 0.27
0.14 0.15
0.16 0.21
0.29 0.06
0.16 0.12
0.18 0.25
0.21 0.04
0.19 0.29
0.22 0.13
0.14 0.22
