59
0.11 0.8
0.23 0.79
0.35 0.39
0.43 0.97
0.13 0.9
0.41 0.83
0.44 0.71
0.77 0.06
0.27 0.73
0.2 0.94
0.75 0.41
0.66 0.28
0.03 0.99
0.11 0.78
0.97 0.34
0.49 0.74
0.41 0.98
0.14 0.71
0.39 0.92
0.08 0.7
0.9 0.57
0.29 0.72
0.44 0.69
0.28 0.75
0.01 0.87
0.05 0.81
0.11 0.89
0.1 0.88
0.23 0.75
0.43 0.98
0.92 0.24
0.04 0.75
0.7 0.1
0.43 0.88
0.29 0.83
0.1 0.05
0.04 0.78
0.68 0.31
0.31 0.92
0.27 0.72
0.11 0.91
0.27 0.93
0.96 0.13
0.06 0.82
0.3 0.77
0.12 0.73
0.69 1.0
0.46 0.66
0.11 0.72
0.08 0.44
0.55 0.98
0.48 0.4
0.16 0.92
0.04 0.71
0.12 0.93
0.57 0.79
0.36 0.97
0.14 0.86
0.38 0.67
