40
0.25666666666666665 0.31666666666666665
0.17666666666666667 0.16666666666666666
0.1 0.03666666666666667
0.31666666666666665 0.3333333333333333
0.24333333333333335 0.24333333333333335
0.06 0.06333333333333334
0.06333333333333334 0.2
0.33 0.17333333333333334
0.04 0.27666666666666667
0.16333333333333333 0.25333333333333335
0.1 0.29
0.043333333333333335 0.01
0.28 0.16
0.22666666666666666 0.25666666666666665
0.06333333333333334 0.2633333333333333
0.08666666666666667 0.25333333333333335
0.03666666666666667 0.08
0.10333333333333333 0.03666666666666667
0.24333333333333335 0.2
0.2 0.08666666666666667
0.16 0.33
0.08666666666666667 0.33
0.05 0.28
0.24 0.14
0.2833333333333333 0.31666666666666665
0.25333333333333335 0.32666666666666666
0.0033333333333333335 0.13666666666666666
0.16333333333333333 0.15333333333333332
0.14 0.22666666666666666
0.12 0.32
0.06666666666666667 0.17666666666666667
0.05 0.31333333333333335
0.25666666666666665 0.023333333333333334
0.32 0.05333333333333334
0.31 0.25
0.08 0.24666666666666667
0.26 0.11333333333333333
0.25666666666666665 0.04
0.25666666666666665 0.32
0.22 0.03
