98
0.01 0.22
0.57 0.86
0.03 0.08
0.3 0.06
0.56 0.72
0.79 0.77
0.14 0.15
0.06 0.02
0.74 0.84
0.12 0.3
0.37 0.33
0.97 0.11
0.69 0.44
0.22 0.74
0.45 0.31
0.44 0.44
0.12 0.2
0.19 0.04
0.07 0.13
0.46 0.41
0.3 0.08
0.27 0.07
0.1 0.5
0.09 0.07
0.46 0.21
0.16 0.11
0.36 0.2
0.5 0.18
0.28 0.47
0.13 0.28
0.23 0.03
0.03 0.93
0.7 0.85
0.21 0.06
0.22 0.46
0.77 0.25
0.26 0.35
0.41 0.46
0.33 0.02
0.43 0.8
0.42 0.46
0.23 0.48
0.05 0.19
0.31 0.28
0.2 0.79
0.77 0.11
0.39 0.48
0.3 0.98
0.1 0.04
0.22 0.36
0.34 0.38
0.94 0.28
0.61 1.0
0.39 0.23
0.42 0.93
0.14 0.8
0.25 0.71
0.17 0.21
0.11 0.68
0.48 0.25
0.99 0.77
0.07 0.32
0.41 0.3
0.44 0.41
0.36 0.09
0.72 0.03
0.33 0.17
0.02 0.18
0.34 0.67
0.23 0.37
0.37 0.16
0.21 0.08
0.96 0.07
0.48 0.87
0.03 0.26
0.67 0.09
0.76 0.23
0.35 0.38
0.3 0.48
0.45 0.21
0.48 0.01
0.89 0.07
0.79 0.32
0.99 0.95
0.43 0.41
0.44 0.37
0.2 0.27
0.16 0.87
0.49 0.42
0.15 0.29
0.32 0.35
0.43 0.29
0.18 0.05
0.99 0.82
0.06 0.03
0.33 0.38
0.47 0.3
0.44 0.47
