60
0.87 0.85
0.74 0.74
0.18 0.75
0.88 0.98
0.27 0.97
0.53 0.99
0.63 0.78
0.24 0.85
0.78 0.65
0.46 0.35
0.7 0.55
0.7 0.7
0.9 0.98
0.99 0.83
0.89 0.94
0.79 0.74
0.64 0.92
0.63 0.93
0.68 0.94
1.0 0.89
0.01 0.99
0.9 0.64
0.11 0.69
0.82 0.66
0.99 0.65
0.85 0.47
0.64 0.79
0.76 0.55
0.57 0.95
0.77 0.92
0.79 0.63
0.32 0.69
0.79 0.86
0.89 0.98
0.07 0.11
1.0 0.18
0.61 0.88
0.62 0.65
0.95 0.69
0.78 0.92
0.55 0.52
0.47 0.46
0.45 0.39
0.68 0.77
0.12 0.85
0.94 0.87
0.56 0.7
0.71 0.74
0.3 0.77
0.51 0.9
0.31 0.14
0.85 0.83
0.58 0.65
0.71 0.54
0.65 0.69
0.6 0.53
1.0 0.76
0.52 0.81
0.62 0.86
0.98 0.86
