80
0.65 0.8
0.93 0.73
0.33 0.99
0.79 0.73
0.51 0.94
0.94 0.77
0.25 0.18
0.87 0.84
1.0 0.7
0.57 0.94
0.28 0.5
0.06 0.07
0.59 0.57
0.32 0.22
0.93 0.94
0.86 0.91
0.31 0.07
0.68 0.61
0.7 0.99
0.79 0.86
0.63 0.68
0.67 0.63
0.58 0.65
0.83 0.94
0.57 0.91
0.77 0.76
0.59 0.94
0.99 0.62
0.63 0.75
0.99 0.01
0.71 0.84
0.26 0.95
0.82 0.71
0.82 0.88
0.97 0.36
0.65 0.85
0.61 0.79
0.76 0.86
0.8 1.0
0.66 0.89
0.03 0.99
0.83 0.96
0.77 0.75
0.85 0.05
0.55 0.79
0.02 0.17
0.86 0.61
0.52 0.82
0.69 0.72
0.81 1.0
0.07 0.72
0.38 0.8
0.46 0.27
0.73 0.95
0.88 0.7
0.9 0.22
0.84 0.92
0.76 0.51
0.82 0.92
0.95 0.84
0.83 0.7
0.91 0.69
0.87 0.76
0.65 0.57
0.95 0.59
0.18 1.0
0.05 0.21
0.98 0.94
0.67 0.6
0.55 0.91
0.83 0.78
0.95 0.41
0.51 0.73
0.55 0.94
0.73 0.97
0.48 1.0
0.98 0.98
0.78 0.09
0.75 0.76
0.65 0.7
