80
0.11 0.79
0.84 0.31
0.18 0.91
0.78 0.55
0.27 0.87
0.08 0.88
0.4 0.68
0.16 0.74
0.54 0.53
0.02 0.98
0.24 0.88
0.65 0.82
0.45 0.92
0.07 0.8
0.79 0.23
0.26 0.74
0.47 0.35
0.24 0.71
0.76 0.75
0.99 0.55
0.59 0.93
0.02 0.7
0.95 0.89
0.33 0.72
0.34 0.13
0.42 0.77
0.83 0.15
0.29 0.83
0.21 0.96
0.44 0.92
0.18 0.66
0.37 0.68
0.68 0.87
0.08 0.8
0.22 0.66
0.06 0.95
0.29 0.94
0.83 0.66
0.38 0.73
0.37 0.96
0.5 0.71
0.2 0.82
0.15 0.88
0.3 0.69
0.88 0.36
0.18 0.94
0.04 0.77
0.35 0.3
0.28 0.83
0.29 0.8
0.05 0.74
0.5 0.66
0.34 0.84
0.5 0.75
0.17 0.79
0.85 0.14
0.03 0.93
0.34 0.17
0.41 0.92
0.18 0.81
0.32 0.75
0.29 0.88
0.27 0.78
0.19 0.96
0.24 0.01
0.36 0.71
0.24 0.73
0.31 0.26
0.27 0.99
0.05 0.98
0.33 0.75
0.06 0.8
0.42 0.71
0.35 0.98
0.03 0.86
0.42 0.84
0.18 0.86
0.27 0.09
0.36 0.7
0.93 0.44
