99
0.5 0.72
0.57 0.86
0.52 0.58
0.79 0.55
0.56 0.72
0.79 0.77
0.63 0.64
0.56 0.51
0.74 0.84
0.61 0.8
0.87 0.82
0.97 0.11
0.69 0.44
0.22 0.74
0.95 0.8
0.44 0.44
0.61 0.7
0.68 0.53
0.56 0.62
0.96 0.91
0.79 0.57
0.76 0.56
0.8 0.55
0.59 1.0
0.09 0.07
0.96 0.71
0.16 0.11
0.85 0.7
1.0 0.67
0.77 0.97
0.62 0.77
0.23 0.03
0.03 0.93
0.7 0.85
0.7 0.55
0.71 0.96
0.77 0.25
0.26 0.35
0.91 0.96
0.82 0.51
0.43 0.8
0.42 0.46
0.73 0.98
0.54 0.68
0.81 0.78
0.2 0.79
0.77 0.11
0.88 0.98
0.3 0.98
0.59 0.53
0.71 0.86
0.84 0.88
0.94 0.28
0.61 1.0
0.88 0.73
0.42 0.93
0.14 0.8
0.25 0.71
0.17 0.21
0.11 0.68
0.98 0.75
0.99 0.77
0.57 0.81
0.91 0.79
0.44 0.41
0.86 0.58
0.72 0.03
0.83 0.66
0.51 0.68
0.34 0.67
0.23 0.37
0.87 0.65
0.71 0.57
0.96 0.07
0.48 0.87
0.52 0.76
0.67 0.09
0.76 0.23
0.85 0.88
0.8 0.98
0.95 0.71
0.98 0.5
0.89 0.07
0.79 0.32
0.99 0.95
0.93 0.91
0.44 0.37
0.69 0.77
0.16 0.87
0.99 0.92
0.15 0.29
0.82 0.84
0.93 0.78
0.67 0.54
0.99 0.82
0.55 0.52
0.82 0.88
0.97 0.79
0.94 0.97
