60
0.17666666666666667 0.12
0.08333333333333333 0.12
0.3233333333333333 0.14333333333333334
0.19666666666666666 0.26
0.10666666666666667 0.3233333333333333
0.24333333333333335 0.2966666666666667
0.23333333333333334 0.25
0.15 0.043333333333333335
0.18333333333333332 0.3
0.29 0.09666666666666666
0.21333333333333335 0.2833333333333333
0.14 0.16
0.03333333333333333 0.13
0.2966666666666667 0.043333333333333335
0.12 0.20333333333333334
0.13 0.013333333333333334
0.06666666666666667 0.3233333333333333
0.11666666666666667 0.1
0.24333333333333335 0.08333333333333333
0.19 0.12333333333333334
0.13666666666666666 0.18333333333333332
0.04666666666666667 0.006666666666666667
0.33 0.11
0.17333333333333334 0.12
0.2 0.11666666666666667
0.15666666666666668 0.28
0.22666666666666666 0.24333333333333335
0.04 0.08
0.0033333333333333335 0.30666666666666664
0.30333333333333334 0.22
0.23333333333333334 0.22666666666666666
0.20333333333333334 0.18333333333333332
0.06666666666666667 0.04666666666666667
0.11333333333333333 0.22666666666666666
0.09 0.24666666666666667
0.18 0.06
0.013333333333333334 0.08333333333333333
0.33 0.16
0.31333333333333335 0.26
0.2633333333333333 0.12333333333333334
0.25333333333333335 0.2633333333333333
0.13333333333333333 0.31333333333333335
0.20333333333333334 0.013333333333333334
0.19666666666666666 0.21666666666666667
0.30666666666666664 0.22
0.16 0.09333333333333334
0.16 0.02666666666666667
0.16666666666666666 0.31
0.13666666666666666 0.02666666666666667
0.14333333333333334 0.02
0.043333333333333335 0.25666666666666665
0.13 0.14333333333333334
0.14666666666666667 0.2
0.27666666666666667 0.05333333333333334
0.14666666666666667 0.11333333333333333
0.17 0.23333333333333334
0.19333333333333333 0.03666666666666667
0.18333333333333332 0.27
0.21 0.11666666666666667
0.13 0.20666666666666667
