80
0.76 0.28
0.9 0.2
1.0 0.5
0.27 0.14
0.12 0.27
0.22 0.35
0.5 0.55
0.19 0.34
0.78 0.37
0.19 0.11
0.15 0.22
0.23 0.16
0.38 0.1
0.29 0.48
0.39 0.5
0.38 0.09
0.19 0.44
1.0 0.98
0.26 0.4
0.15 0.14
0.11 0.39
0.33 0.09
0.24 0.41
0.53 0.81
0.15 0.47
0.27 0.31
0.34 0.05
0.04 0.72
0.87 0.15
0.34 0.16
0.69 0.29
0.16 0.5
0.08 0.46
0.66 0.12
0.39 0.16
0.4 0.02
0.48 0.38
0.31 0.2
0.34 0.14
0.25 0.15
0.48 0.42
0.22 0.39
0.41 0.24
0.22 0.4
0.11 0.08
0.25 0.2
0.09 0.45
0.31 0.27
0.35 0.35
0.39 0.13
0.39 0.28
0.01 0.26
0.21 0.24
0.16 0.77
0.3 0.23
0.33 0.36
0.18 0.25
0.03 0.33
0.34 0.29
0.27 0.08
0.27 0.37
0.03 0.11
0.48 0.48
0.32 0.41
0.99 0.11
0.75 0.5
0.83 0.27
0.49 0.37
0.3 0.47
0.37 0.01
0.13 0.19
0.77 0.93
0.24 0.44
0.8 0.14
0.13 0.22
0.18 0.12
0.3 0.03
0.18 0.38
0.25 0.37
0.2 0.42
