99
0.48 0.66
0.35 0.41
0.07 0.05
0.51 0.81
0.91 0.24
0.81 0.24
0.1 0.02
0.02 0.14
0.11 0.48
0.25 0.28
0.69 0.09
0.96 0.79
0.96 0.61
0.92 0.1
0.38 0.15
0.23 0.99
0.7 0.17
0.35 0.57
0.06 0.43
0.05 0.29
0.88 0.05
0.44 0.93
0.95 0.48
0.97 0.59
0.38 0.49
0.41 0.72
0.62 0.19
0.88 0.1
0.43 0.03
0.82 0.84
0.94 0.78
0.01 0.39
0.59 0.56
0.56 0.51
0.15 0.8
0.91 0.33
0.73 0.3
0.84 0.28
0.79 0.16
0.47 0.15
0.1 0.82
0.23 0.04
0.76 0.06
0.91 0.41
0.61 0.02
0.28 0.06
0.78 1.0
0.02 0.05
0.21 0.77
0.9 0.06
0.99 0.13
0.69 0.54
0.57 0.18
0.51 0.27
0.74 0.37
0.8 0.36
0.6 0.47
0.34 0.25
0.59 0.6
0.24 0.73
0.5 0.2
0.94 0.89
0.44 0.04
0.22 0.2
0.85 0.25
0.2 0.42
0.5 0.26
0.31 0.66
0.52 0.85
0.34 0.38
0.33 0.13
0.39 0.34
0.73 0.55
0.91 0.66
0.82 0.89
0.69 0.79
0.05 0.25
0.82 0.5
0.2 0.08
0.75 0.9
0.37 0.16
0.27 0.43
0.01 0.6
0.48 0.89
0.9 0.85
0.82 0.37
0.14 0.67
0.08 0.31
0.19 0.19
0.37 0.51
0.83 0.84
0.13 0.07
0.15 0.41
0.13 0.43
0.62 1.0
0.5 0.37
0.99 0.07
0.66 1.0
0.4 0.38
