97
0.38 0.9
0.82 0.24
0.78 0.14
0.88 0.98
0.84 0.45
0.68 0.49
0.75 0.29
0.82 0.28
0.28 0.76
0.46 0.35
0.79 0.06
0.21 0.79
0.94 0.48
0.99 0.33
0.92 0.44
0.86 0.24
0.15 0.95
0.75 0.43
0.79 0.44
1.0 0.4
0.66 0.48
0.4 0.75
0.73 0.06
0.82 0.66
0.49 0.76
0.85 0.47
0.64 0.79
0.84 0.06
0.71 0.45
0.28 0.94
0.3 0.75
0.88 0.06
0.86 0.36
0.93 0.48
0.07 0.11
1.0 0.18
0.61 0.88
0.74 0.16
0.97 0.19
0.85 0.42
0.69 0.03
0.47 0.46
0.45 0.39
0.19 0.84
0.74 0.29
0.96 0.37
0.56 0.7
0.8 0.25
0.86 0.16
0.66 0.4
0.31 0.14
0.9 0.33
0.72 0.16
0.8 0.05
0.76 0.2
0.73 0.04
0.5 0.84
0.67 0.31
0.62 0.86
0.98 0.86
0.67 0.49
0.8 0.15
0.98 0.3
0.77 0.33
0.5 0.68
0.94 0.05
0.71 0.35
0.96 0.29
0.17 0.86
0.23 0.06
0.86 0.02
0.31 0.37
0.45 0.03
0.77 0.2
0.75 0.31
0.86 0.06
0.9 0.37
0.81 0.45
0.72 0.22
0.94 0.37
0.91 0.34
0.92 0.32
0.17 0.24
0.5 0.42
0.77 0.3
0.36 0.38
0.49 0.89
0.82 0.11
0.08 0.93
0.77 0.13
0.96 0.49
0.73 0.43
0.72 0.12
0.71 0.5
0.67 0.27
0.72 0.36
0.74 0.49
