20
0.16666666666666666 0.2833333333333333
0.11666666666666667 0.04666666666666667
0.31333333333333335 0.18
0.15666666666666668 0.20666666666666667
0.17333333333333334 0.08333333333333333
0.32 0.22333333333333333
0.0033333333333333335 0.14333333333333334
0.08 0.14
0.17666666666666667 0.2866666666666667
0.03666666666666667 0.10333333333333333
0.17333333333333334 0.21666666666666667
0.22 0.03666666666666667
0.25333333333333335 0.08333333333333333
0.12 0.31333333333333335
0.12 0.14
0.3233333333333333 0.08
0.25333333333333335 0.09666666666666666
0.20333333333333334 0.2633333333333333
0.24666666666666667 0.09666666666666666
0.23666666666666666 0.23
