59
0.16 0.21
0.2 0.01
0.22 0.05
0.07 0.28
0.06 0.09
0.26 0.01
0.18 0.02
0.11 0.18
0.15 0.34
0.12 0.12
0.01 0.29
0.23 0.35
0.27 0.25
0.1 0.08
0.15 0.02
0.26 0.05
0.04 0.23
0.27 0.07
0.1 0.22
0.18 0.06
0.24 0.13
0.13 0.05
0.16 0.25
0.05 0.22
0.35 0.26
0.33 0.12
0.06 0.32
0.08 0.14
0.35 0.35
0.26 0.1
0.34 0.04
0.22 0.26
0.31 0.24
0.11 0.31
0.28 0.19
0.2 0.06
0.07 0.25
0.19 0.13
0.29 0.25
0.22 0.21
0.29 0.1
0.22 0.11
0.22 0.19
0.24 0.09
0.35 0.34
0.06 0.2
0.03 0.1
0.33 0.23
0.02 0.13
0.15 0.15
0.34 0.26
0.2 0.17
0.16 0.09
0.07 0.32
0.23 0.24
0.02 0.05
0.35 0.06
0.11 0.33
0.08 0.03
