79
0.36 0.38
0.34 0.01
0.01 0.26
0.07 0.09
0.94 0.66
0.33 0.44
0.15 0.1
0.61 0.57
0.64 0.56
0.43 1.0
0.41 0.06
0.28 0.79
0.46 0.09
0.65 0.66
0.85 0.14
0.06 0.42
0.93 0.22
0.49 0.46
0.28 0.33
0.46 0.27
0.45 0.47
0.97 0.36
0.39 0.14
0.47 0.23
0.12 0.34
0.02 0.38
0.12 0.06
0.1 0.31
0.4 0.32
0.21 0.02
0.46 0.11
0.35 0.01
0.31 0.42
0.66 0.28
0.43 0.27
0.21 0.32
0.88 0.14
0.44 0.15
1.0 0.53
0.2 0.25
0.46 0.47
0.98 0.63
0.69 0.93
0.79 0.8
0.8 0.42
0.63 0.74
0.01 0.44
0.5 0.96
0.08 0.49
0.41 0.46
0.43 0.07
0.34 0.24
0.7 0.17
0.3 0.3
0.48 0.31
0.17 0.47
0.3 0.26
0.14 0.17
0.35 0.15
0.39 0.39
0.43 0.33
0.41 0.14
0.03 0.28
0.72 0.92
0.17 0.01
0.8 0.73
0.88 0.03
0.17 0.08
0.02 0.32
0.32 0.45
0.24 0.39
0.24 0.34
0.5 0.24
0.44 0.27
0.28 0.91
0.43 0.23
0.08 0.85
0.19 0.21
0.42 0.98
