60
0.14 0.69
0.74 0.13
0.23 0.86
0.84 0.42
0.12 0.72
0.97 0.96
0.6 0.71
0.57 0.86
0.77 0.62
0.41 0.56
0.07 0.56
0.62 0.84
0.29 0.97
0.63 0.82
0.53 0.62
0.22 0.93
0.25 0.64
0.5 0.96
0.21 0.45
0.92 0.01
0.53 0.85
0.26 0.54
0.66 0.95
0.62 0.31
0.37 0.17
0.45 0.44
0.77 0.32
0.53 0.37
0.31 0.49
0.97 0.89
0.76 0.13
0.22 0.1
0.24 0.02
0.04 0.44
0.18 0.26
0.56 0.7
0.38 0.32
0.21 0.99
0.94 0.95
0.78 0.75
0.3 0.27
0.38 0.75
0.24 0.74
0.44 0.12
0.87 0.11
0.75 0.28
0.64 0.52
0.43 0.03
0.33 0.39
0.9 0.48
0.04 0.51
0.96 0.05
0.22 0.99
0.71 0.55
0.65 0.28
0.6 0.07
0.44 0.14
0.4 0.06
0.03 0.7
0.23 0.3
