59
0.56 0.56
0.61 0.93
0.86 0.92
0.49 0.99
0.93 0.8
0.88 0.81
0.78 0.7
0.87 0.42
0.41 0.15
0.76 0.81
0.32 0.11
0.75 0.98
0.5 0.6
0.27 0.43
0.97 0.63
0.81 0.65
0.22 0.78
0.88 0.65
0.74 0.76
0.99 0.95
0.05 0.92
0.61 0.5
0.63 0.51
0.28 0.9
1.0 0.69
0.97 0.98
0.63 0.89
0.68 0.88
0.55 0.61
0.94 0.55
0.76 0.88
0.71 0.51
0.73 0.66
0.51 0.75
1.0 0.48
0.85 0.77
0.53 0.82
0.72 0.57
0.9 0.2
0.73 0.15
0.95 0.6
0.53 0.5
0.82 0.53
1.0 0.14
0.98 1.0
0.97 0.55
0.91 0.99
0.98 0.74
0.62 0.5
0.67 0.22
0.61 0.55
0.59 0.97
0.39 0.75
0.69 1.0
0.94 0.74
0.82 0.81
0.97 0.9
0.87 0.54
0.65 0.77
