99
0.775 0.675
0.2 0.2
0.8 0.1
0.725 0.5
0.175 0.2
0.5 0.825
0.725 0.825
0.2 0.7
0.25 0.325
0.775 0.775
0.275 0.8
0.05 0.275
0.025 0.325
0.4 0.5
0.775 0.75
0.175 0.35
0.575 0.7
0.675 0.825
0.375 0.025
0.8 0.525
0.625 0.5
0.65 0.15
0.2 0.825
0.625 0.675
0.075 0.775
0.525 0.75
0.675 0.475
0.45 0.15
0.025 0.275
0.85 0.875
0.45 0.3
0.05 0.65
0.45 0.35
0.05 0.8
0.25 0.15
0.075 0.325
0.575 0.05
0.525 0.125
0.65 0.75
0.3 0.675
0.825 0.625
0.375 0.825
0.05 0.875
0.3 0.725
0.175 0.5
0.725 0.725
0.725 0.425
0.025 0.65
0.6 0.175
0.3 0.625
0.8 0.45
0.5 0.125
0.825 0.425
0.75 0.7
0.475 0.55
0.5 0.725
0.725 0.575
0.475 0.575
0.25 0.65
0.775 0.075
0.55 0.25
0.025 0.175
0.875 0.05
0.675 0.375
0.75 0.175
0.15 0.525
0.825 0.15
0.65 0.7
0.35 0.6
0.175 0.4
0.575 0.8
0.6 0.3
0.45 0.25
0.575 0.525
0.05 0.5
0.775 0.6
0.625 0.75
0.4 0.3
0.275 0.55
0.725 0.6
0.8 0.575
0.675 0.125
0.875 0.025
0.375 0.475
0.275 0.2
0.2 0.85
0.875 0.875
0.8 0.75
0.45 0.4
0.575 0.875
0.5 0.05
0.75 0.425
0.3 0.475
0.25 0.7
0.225 0.075
0.1 0.6
0.05 0.075
0.625 0.225
0.8 0.3
