59
0.4 0.1
0.475 0.15
0.225 0.525
0.1 0.2
0.05 0.275
0.25 0.375
0.3 0.35
0.125 0.45
0.775 0.275
0.125 0.575
0.7 0.675
0.05 0.225
0.425 0.825
0.875 0.075
0.675 0.225
0.35 0.25
0.65 0.4
0.75 0.625
0.05 0.8
0.775 0.375
0.775 0.15
0.825 0.35
0.25 0.525
0.4 0.625
0.325 0.825
0.2 0.725
0.525 0.275
0.325 0.475
0.65 0.125
0.275 0.825
0.8 0.175
0.725 0.425
0.5 0.575
0.025 0.825
0.4 0.775
0.325 0.375
0.6 0.625
0.55 0.325
0.65 0.2
0.8 0.5
0.325 0.775
0.6 0.1
0.625 0.4
0.6 0.425
0.15 0.05
0.05 0.375
0.475 0.1
0.175 0.05
0.825 0.375
0.85 0.725
0.725 0.1
0.35 0.45
0.825 0.5
0.85 0.2
0.375 0.55
0.425 0.35
0.625 0.35
0.875 0.725
0.5 0.25
