60
0.78 0.27
0.99 0.22
0.49 0.86
0.91 0.45
0.07 0.9
0.84 0.45
0.95 0.44
0.8 0.24
0.7 0.05
0.68 0.8
0.99 0.2
0.78 0.15
0.78 0.37
0.8 0.28
0.77 0.07
0.26 0.18
0.95 0.3
0.89 0.37
0.97 0.06
0.97 0.33
0.84 0.35
0.72 0.07
0.91 0.17
0.84 0.09
0.82 0.02
0.47 0.39
0.93 0.4
0.2 0.98
0.88 0.31
0.98 0.33
0.68 0.24
0.83 0.47
0.67 0.21
0.7 0.39
0.86 0.2
0.94 0.08
0.9 0.22
0.86 0.06
0.67 0.77
0.79 0.31
0.78 0.85
0.62 0.84
0.77 0.47
0.72 0.16
0.89 0.11
0.71 0.25
0.85 0.28
0.11 0.74
0.66 0.47
0.76 0.27
0.66 0.2
0.82 0.2
0.29 0.97
0.9 0.41
0.9 0.24
0.49 0.93
0.79 0.06
0.76 0.16
0.87 0.4
0.9 0.21
