79
0.45 0.14
0.33 0.81
0.21 1.0
0.04 0.16
1.0 0.13
0.03 0.74
0.87 0.05
0.86 0.12
0.77 0.25
0.9 0.14
0.68 0.22
0.78 0.19
0.45 0.99
0.85 0.27
0.38 0.01
0.77 0.38
0.89 0.32
0.89 0.02
0.89 0.42
0.28 0.19
0.85 0.78
1.0 0.39
0.94 0.44
0.66 0.12
0.49 0.91
0.85 0.37
0.72 0.08
0.9 0.16
0.73 0.55
0.69 0.97
0.93 0.33
0.81 0.81
0.72 0.38
0.8 0.19
0.88 0.2
0.92 0.09
0.57 0.8
0.89 0.03
0.37 0.78
0.71 0.49
0.78 0.35
0.72 0.48
0.67 0.29
0.39 0.49
0.39 0.66
0.97 0.53
0.79 0.51
0.87 0.12
0.23 0.29
0.97 0.23
0.91 0.36
0.77 0.19
0.69 0.03
0.68 0.8
0.67 0.22
0.82 0.2
0.84 0.44
0.31 0.92
0.86 0.2
0.94 0.33
0.73 0.48
0.54 0.56
0.79 0.29
0.8 0.08
0.69 0.13
0.94 0.37
0.79 0.5
0.13 0.44
0.13 0.4
0.38 0.86
0.88 0.32
0.76 0.42
0.31 0.28
0.98 0.33
0.7 0.27
0.87 0.02
0.73 0.28
0.78 0.49
0.96 0.32
