98
0.85 0.325
0.125 0.8
0.15 0.325
0.8 0.825
0.55 0.15
0.725 0.85
0.375 0.5
0.575 0.425
0.05 0.575
0.45 0.225
0.225 0.775
0.725 0.35
0.125 0.875
0.35 0.275
0.15 0.15
0.3 0.725
0.1 0.7
0.075 0.025
0.075 0.6
0.35 0.325
0.475 0.8
0.35 0.525
0.2 0.85
0.475 0.775
0.225 0.525
0.525 0.55
0.1 0.8
0.6 0.55
0.475 0.325
0.225 0.875
0.6 0.65
0.05 0.125
0.825 0.1
0.2 0.775
0.1 0.875
0.175 0.275
0.275 0.1
0.65 0.775
0.875 0.5
0.8 0.75
0.3 0.775
0.175 0.625
0.575 0.775
0.25 0.225
0.85 0.1
0.825 0.825
0.675 0.6
0.275 0.475
0.7 0.075
0.7 0.15
0.175 0.05
0.175 0.25
0.35 0.625
0.575 0.55
0.15 0.475
0.475 0.3
0.575 0.225
0.625 0.725
0.2 0.825
0.7 0.175
0.475 0.625
0.3 0.6
0.375 0.55
0.325 0.425
0.025 0.425
0.575 0.1
0.675 0.3
0.25 0.3
0.35 0.575
0.625 0.2
0.075 0.225
0.625 0.225
0.2 0.15
0.375 0.2
0.525 0.8
0.25 0.175
0.3 0.225
0.025 0.575
0.8 0.225
0.725 0.3
0.025 0.375
0.075 0.35
0.75 0.425
0.525 0.225
0.725 0.525
0.4 0.6
0.6 0.125
0.1 0.725
0.525 0.85
0.325 0.1
0.85 0.125
0.275 0.25
0.525 0.1
0.35 0.45
0.5 0.6
0.325 0.15
0.325 0.8
0.35 0.1
