97
0.27 0.17
0.25 0.25
0.24 0.01
0.18 0.21
0.17 0.01
0.05 0.06
0.12 0.1
0.11 0.31
0.23 0.31
0.07 0.18
0.08 0.11
0.08 0.06
0.05 0.11
0.06 0.1
0.3 0.35
0.05 0.23
0.06 0.29
0.2 0.14
0.06 0.2
0.08 0.33
0.11 0.12
0.1 0.02
0.13 0.2
0.04 0.3
0.16 0.03
0.19 0.28
0.35 0.32
0.23 0.23
0.28 0.2
0.32 0.19
0.33 0.28
0.03 0.32
0.32 0.26
0.1 0.18
0.16 0.28
0.33 0.17
0.24 0.27
0.3 0.08
0.02 0.27
0.05 0.21
0.12 0.09
0.07 0.22
0.23 0.34
0.3 0.28
0.15 0.02
0.08 0.32
0.16 0.33
0.25 0.01
0.3 0.14
0.04 0.22
0.01 0.2
0.19 0.16
0.29 0.3
0.15 0.23
0.2 0.23
0.31 0.11
0.03 0.08
0.14 0.35
0.14 0.18
0.33 0.34
0.1 0.32
0.34 0.1
0.3 0.09
0.08 0.14
0.21 0.21
0.3 0.03
0.08 0.15
0.1 0.17
0.31 0.17
0.1 0.01
0.01 0.33
0.34 0.16
0.14 0.06
0.29 0.33
0.05 0.34
0.2 0.3
0.24 0.17
0.12 0.02
0.28 0.05
0.22 0.24
0.03 0.33
0.2 0.1
0.33 0.31
0.16 0.12
0.21 0.18
0.12 0.23
0.3 0.1
0.25 0.11
0.28 0.33
0.11 0.27
0.3 0.23
0.1 0.29
0.3 0.29
0.02 0.2
0.15 0.16
0.12 0.01
0.17 0.08
