60
0.11 0.8
0.23 0.79
0.35 0.39
0.95 0.46
0.74 0.35
0.94 0.25
0.96 0.09
0.77 0.06
0.27 0.73
0.79 0.41
0.75 0.41
0.66 0.28
0.67 0.48
0.73 0.19
0.97 0.34
0.99 0.12
0.94 0.47
0.14 0.71
0.92 0.39
0.08 0.7
0.9 0.57
0.86 0.09
0.96 0.05
0.85 0.14
0.66 0.31
0.69 0.22
0.73 0.34
0.72 0.33
0.82 0.15
0.96 0.47
0.92 0.24
0.68 0.13
0.7 0.1
0.95 0.33
0.86 0.25
0.1 0.05
0.68 0.18
0.68 0.31
0.87 0.38
0.84 0.09
0.11 0.91
0.27 0.93
0.96 0.13
0.69 0.24
0.86 0.18
0.12 0.73
0.69 1.0
0.97 0.01
0.73 0.1
0.08 0.44
0.55 0.98
0.48 0.4
0.68 0.14
0.76 0.39
0.68 0.08
0.74 0.4
0.57 0.79
0.9 0.45
0.75 0.3
0.91 0.02
