98
0.85 0.88
0.83 0.5
0.5 0.76
0.56 0.58
0.94 0.66
0.82 0.94
0.65 0.6
0.61 0.57
0.64 0.56
0.43 1.0
0.91 0.55
0.28 0.79
0.96 0.58
0.65 0.66
0.85 0.14
0.55 0.92
0.93 0.22
0.99 0.96
0.78 0.83
0.96 0.77
0.95 0.97
0.97 0.36
0.89 0.63
0.97 0.73
0.61 0.83
0.51 0.88
0.61 0.56
0.59 0.81
0.4 0.32
0.71 0.51
0.96 0.6
0.85 0.5
0.8 0.92
0.66 0.28
0.92 0.76
0.71 0.82
0.88 0.14
0.94 0.64
1.0 0.53
0.69 0.75
0.46 0.47
0.98 0.63
0.69 0.93
0.79 0.8
0.8 0.42
0.63 0.74
0.5 0.94
0.5 0.96
0.57 0.99
0.91 0.96
0.43 0.07
0.84 0.74
0.7 0.17
0.98 0.81
0.66 0.97
0.8 0.75
0.63 0.66
0.85 0.64
0.39 0.39
0.93 0.82
0.91 0.64
0.52 0.78
0.72 0.92
0.66 0.51
0.8 0.73
0.88 0.03
0.67 0.57
0.51 0.82
0.81 0.94
0.74 0.89
0.74 0.84
1.0 0.74
0.94 0.77
0.28 0.91
0.93 0.72
0.08 0.85
0.68 0.71
0.42 0.98
0.72 0.72
0.29 0.96
0.54 0.77
0.68 0.67
0.64 0.84
0.61 0.7
0.52 0.95
0.56 0.5
0.18 0.08
0.05 0.09
0.61 0.73
0.56 0.95
0.83 0.93
0.6 0.59
0.83 0.64
0.18 0.66
0.72 0.4
0.78 0.71
0.16 0.17
0.91 0.69
