80
0.76 0.28
0.9 0.2
1.0 0.01
0.77 0.63
0.12 0.27
0.22 0.89
0.66 0.06
0.79 0.34
0.78 0.37
0.79 0.11
0.75 0.22
0.23 0.76
0.92 0.1
0.79 0.98
0.89 1.0
0.38 0.09
0.19 0.44
1.0 0.48
0.83 0.4
0.76 0.14
0.11 0.93
0.83 0.58
0.82 0.41
0.68 0.31
0.65 0.96
0.84 0.31
0.89 0.05
0.68 0.1
0.87 0.15
0.34 0.76
0.69 0.29
0.76 0.5
0.71 0.46
0.66 0.12
0.92 0.16
0.9 0.51
0.98 0.38
0.87 0.2
0.89 0.14
0.83 0.15
0.99 0.42
0.81 0.39
0.94 0.24
0.81 0.4
0.73 0.08
0.83 0.2
0.09 0.45
0.87 0.27
0.35 0.35
0.93 0.13
0.92 0.28
0.5 0.75
0.8 0.24
0.76 0.17
0.86 0.23
0.88 0.36
0.78 0.25
0.53 0.83
0.89 0.29
0.84 0.08
0.84 0.37
0.52 0.6
0.99 0.48
0.88 0.41
0.99 0.11
0.75 0.5
0.83 0.27
1.0 0.37
0.86 0.47
0.91 0.01
0.62 0.68
0.85 0.43
0.82 0.44
0.8 0.14
0.13 0.8
0.18 0.12
0.86 0.03
0.18 0.38
0.25 0.37
0.2 0.42
