60
0.11 0.21
0.23 0.2
0.35 0.39
0.92 0.96
0.13 0.9
0.41 0.25
0.44 0.09
0.77 0.06
0.27 0.11
0.7 0.91
0.75 0.41
0.66 0.28
0.03 0.48
0.11 0.19
0.97 0.34
0.99 0.61
0.41 0.47
0.14 0.08
0.39 0.92
0.08 0.07
0.4 0.08
0.29 0.09
0.44 0.05
0.28 0.14
0.01 0.31
0.05 0.81
0.6 0.83
0.1 0.33
0.23 0.75
0.93 0.97
0.92 0.24
0.04 0.13
0.7 0.1
0.43 0.33
0.29 0.83
0.1 0.05
0.53 0.67
0.68 0.31
0.31 0.38
0.27 0.09
0.11 0.37
0.27 0.4
0.96 0.13
0.06 0.24
0.3 0.18
0.12 0.11
0.19 0.5
0.46 0.01
0.11 0.1
0.08 0.44
0.06 0.48
0.48 0.4
0.04 0.14
0.16 0.39
0.04 0.71
0.12 0.4
0.08 0.3
0.36 0.97
0.14 0.3
0.87 0.51
