79
0.08333333333333333 0.19
0.21333333333333335 0.006666666666666667
0.16 0.21666666666666667
0.10666666666666667 0.11333333333333333
0.023333333333333334 0.10666666666666667
0.31 0.043333333333333335
0.15333333333333332 0.22666666666666666
0.18333333333333332 0.056666666666666664
0.14333333333333334 0.056666666666666664
0.21666666666666667 0.19
0.03333333333333333 0.19333333333333333
0.3333333333333333 0.25666666666666665
0.3 0.006666666666666667
0.23666666666666666 0.18333333333333332
0.20666666666666667 0.31
0.07 0.01
0.12333333333333334 0.02666666666666667
0.10333333333333333 0.21333333333333335
0.19333333333333333 0.2
0.03 0.056666666666666664
0.016666666666666666 0.30333333333333334
0.0033333333333333335 0.24
0.29 0.27
0.2833333333333333 0.25
0.16666666666666666 0.13666666666666666
0.23666666666666666 0.006666666666666667
0.23333333333333334 0.04666666666666667
0.013333333333333334 0.21666666666666667
0.2 0.26
0.20666666666666667 0.02666666666666667
0.21333333333333335 0.15
0.18666666666666668 0.03333333333333333
0.19666666666666666 0.19666666666666666
0.1 0.27
0.19 0.32666666666666666
0.21 0.21666666666666667
0.006666666666666667 0.24
0.21333333333333335 0.13666666666666666
0.24 0.09333333333333334
0.26666666666666666 0.06666666666666667
0.25666666666666665 0.13666666666666666
0.29 0.15333333333333332
0.21 0.07666666666666666
0.32 0.32
0.023333333333333334 0.06666666666666667
0.17666666666666667 0.27666666666666667
0.07 0.023333333333333334
0.11333333333333333 0.16333333333333333
0.16 0.32666666666666666
0.17 0.24666666666666667
0.22 0.11666666666666667
0.16333333333333333 0.23
0.29 0.3233333333333333
0.016666666666666666 0.25333333333333335
0.18666666666666668 0.31666666666666665
0.1 0.25333333333333335
0.16333333333333333 0.24666666666666667
0.22666666666666666 0.26
0.26 0.03333333333333333
0.33 0.09
0.29 0.05333333333333334
0.10333333333333333 0.0033333333333333335
0.18 0.12
0.03666666666666667 0.03333333333333333
0.30333333333333334 0.15666666666666668
0.05333333333333334 0.0033333333333333335
0.13666666666666666 0.20333333333333334
0.18666666666666668 0.16333333333333333
0.27666666666666667 0.07
0.25666666666666665 0.22
0.09333333333333334 0.023333333333333334
0.06333333333333334 0.09333333333333334
0.016666666666666666 0.06666666666666667
0.12 0.1
0.22333333333333333 0.15333333333333332
0.29333333333333333 0.3
0.07 0.06
0.07 0.06333333333333334
0.25666666666666665 0.05
