97
0.21 0.82
0.04 0.67
0.62 0.75
0.41 0.12
0.7 0.05
0.69 0.24
0.05 0.74
0.48 0.93
0.05 0.99
0.19 0.08
0.09 0.12
0.18 0.85
0.15 0.67
0.96 0.03
0.24 0.22
0.49 0.3
0.36 0.79
0.31 0.72
0.66 0.44
0.41 0.95
0.2 0.98
0.86 0.28
0.4 0.85
0.46 0.77
0.14 0.91
0.9 0.57
0.41 0.82
0.73 0.02
0.8 0.38
0.12 0.5
0.67 0.31
0.39 1.0
0.92 0.01
0.45 0.67
0.27 1.0
0.29 0.72
0.19 0.83
0.4 0.78
0.13 0.86
0.3 0.86
0.1 0.74
0.47 0.97
0.72 0.22
0.43 0.74
0.13 0.72
0.16 0.88
0.68 0.76
0.17 0.7
0.28 0.79
0.46 0.89
0.9 0.91
0.03 0.74
0.04 0.94
0.38 0.97
0.22 0.78
0.01 0.86
0.92 0.74
0.91 0.68
0.16 0.7
0.72 0.1
0.42 0.78
0.56 0.53
0.22 0.71
0.31 1.0
0.04 0.83
0.33 0.5
0.39 0.79
0.14 0.67
0.27 0.95
0.18 0.96
0.08 0.17
0.12 0.81
0.81 0.29
0.71 0.29
0.14 0.95
0.08 0.75
0.84 0.6
0.11 0.84
0.32 0.87
0.16 0.77
0.08 0.04
0.25 0.9
0.6 0.79
0.36 0.87
0.43 0.71
0.5 0.69
0.02 0.94
0.17 0.71
0.89 0.75
0.37 0.92
0.05 0.13
0.6 0.96
0.48 0.68
0.19 0.48
0.15 0.97
0.47 0.91
0.97 0.43
