40
0.32666666666666666 0.013333333333333334
0.1 0.013333333333333334
0.2866666666666667 0.22
0.29 0.15333333333333332
0.29333333333333333 0.10666666666666667
0.2633333333333333 0.15333333333333332
0.2733333333333333 0.14666666666666667
0.17333333333333334 0.05
0.26 0.27
0.2733333333333333 0.32666666666666666
0.07 0.18
0.2733333333333333 0.24
0.2966666666666667 0.02666666666666667
0.32 0.16333333333333333
0.31 0.06333333333333334
0.0033333333333333335 0.24333333333333335
0.25666666666666665 0.3333333333333333
0.03 0.07333333333333333
0.06666666666666667 0.31666666666666665
0.21333333333333335 0.023333333333333334
0.10333333333333333 0.27
0.14666666666666667 0.24
0.19 0.23333333333333334
0.19666666666666666 0.31666666666666665
0.24666666666666667 0.016666666666666666
0.18333333333333332 0.29333333333333333
0.31 0.22
0.03 0.31333333333333335
0.2 0.20666666666666667
0.11 0.30666666666666664
0.17 0.13
0.23333333333333334 0.30666666666666664
0.26 0.24666666666666667
0.32666666666666666 0.13333333333333333
0.2866666666666667 0.26
0.1 0.04
0.17333333333333334 0.32
0.02666666666666667 0.06666666666666667
0.29 0.016666666666666666
0.03666666666666667 0.02666666666666667
