80
0.18333333333333332 0.02
0.023333333333333334 0.10333333333333333
0.23666666666666666 0.13333333333333333
0.0033333333333333335 0.07333333333333333
0.29333333333333333 0.33
0.18 0.09
0.17666666666666667 0.31333333333333335
0.25 0.07666666666666666
0.14333333333333334 0.23
0.03666666666666667 0.07
0.22666666666666666 0.006666666666666667
0.12666666666666668 0.22333333333333333
0.24666666666666667 0.016666666666666666
0.22333333333333333 0.12333333333333334
0.12666666666666668 0.07
0.14666666666666667 0.14666666666666667
0.24 0.09666666666666666
0.15 0.10333333333333333
0.06333333333333334 0.13
0.2733333333333333 0.25333333333333335
0.19 0.32
0.3333333333333333 0.3
0.33 0.26
0.25333333333333335 0.06
0.29 0.32
0.07 0.12333333333333334
0.3333333333333333 0.31666666666666665
0.26666666666666666 0.19666666666666666
0.16333333333333333 0.17333333333333334
0.1 0.09333333333333334
0.26 0.25666666666666665
0.27666666666666667 0.07333333333333333
0.21666666666666667 0.056666666666666664
0.2733333333333333 0.17333333333333334
0.07333333333333333 0.16
0.023333333333333334 0.20666666666666667
0.31 0.2733333333333333
0.22666666666666666 0.1
0.18 0.20666666666666667
0.03 0.22666666666666666
0.06333333333333334 0.22666666666666666
0.02666666666666667 0.06333333333333334
0.1 0.03
0.25333333333333335 0.20666666666666667
0.22333333333333333 0.10333333333333333
0.19333333333333333 0.023333333333333334
0.13 0.03666666666666667
0.10666666666666667 0.33
0.30666666666666664 0.2
0.02666666666666667 0.05333333333333334
0.006666666666666667 0.07666666666666666
0.10333333333333333 0.23
0.27666666666666667 0.26
0.2633333333333333 0.01
0.25333333333333335 0.11666666666666667
0.21 0.31666666666666665
0.20333333333333334 0.13
0.09 0.18333333333333332
0.16333333333333333 0.22333333333333333
0.16666666666666666 0.1
0.28 0.10666666666666667
0.13666666666666666 0.32
0.14666666666666667 0.25666666666666665
0.15666666666666668 0.21666666666666667
0.13 0.27
0.14666666666666667 0.26666666666666666
0.05 0.17666666666666667
0.14333333333333334 0.07
0.16333333333333333 0.13
0.3 0.3233333333333333
0.17666666666666667 0.056666666666666664
0.20333333333333334 0.18
0.23333333333333334 0.3233333333333333
0.22666666666666666 0.23
0.26 0.08333333333333333
0.18666666666666668 0.17666666666666667
0.3 0.25666666666666665
0.006666666666666667 0.17
0.16 0.21666666666666667
0.056666666666666664 0.13666666666666666
