80
0.76 0.28
0.9 0.2
1.0 0.5
0.77 0.63
0.12 0.27
0.71 0.84
0.5 0.55
0.68 0.83
0.78 0.37
0.69 0.6
0.64 0.72
0.72 0.65
0.88 0.59
0.79 0.98
0.89 1.0
0.38 0.09
0.19 0.44
1.0 0.98
0.76 0.9
0.64 0.64
0.6 0.89
0.83 0.58
0.74 0.91
0.53 0.81
0.65 0.96
0.77 0.81
0.84 0.54
0.04 0.72
0.87 0.15
0.83 0.65
0.69 0.29
0.65 1.0
0.58 0.96
0.66 0.12
0.89 0.65
0.9 0.51
0.97 0.88
0.81 0.69
0.84 0.63
0.75 0.65
0.98 0.92
0.72 0.89
0.9 0.73
0.72 0.9
0.6 0.57
0.74 0.69
0.09 0.45
0.8 0.77
0.35 0.35
0.89 0.62
0.88 0.78
0.5 0.75
0.7 0.74
0.16 0.77
0.8 0.72
0.83 0.86
0.67 0.74
0.53 0.83
0.83 0.79
0.76 0.57
0.77 0.87
0.52 0.6
0.98 0.97
0.82 0.91
0.99 0.11
0.75 0.5
0.83 0.27
0.99 0.86
0.8 0.96
0.87 0.5
0.62 0.68
0.77 0.93
0.74 0.94
0.8 0.14
0.62 0.71
0.18 0.12
0.8 0.52
0.18 0.38
0.25 0.37
0.2 0.42
