99
0.93 0.53
0.84 0.22
0.74 0.71
0.3 0.22
0.59 0.66
0.59 0.74
0.98 0.89
0.68 0.8
0.92 0.4
0.53 0.88
0.83 0.68
0.18 0.5
0.79 0.75
0.6 0.64
0.79 0.59
0.8 0.81
0.32 0.81
0.78 0.51
0.87 0.62
0.04 0.25
0.97 0.32
0.57 0.5
0.56 0.77
0.89 0.8
0.21 0.67
0.98 0.61
0.88 0.53
0.86 0.97
0.58 0.84
0.01 0.35
0.81 0.92
0.94 0.75
0.08 0.85
0.65 0.68
0.91 0.42
0.64 0.65
0.18 0.33
0.42 0.15
0.03 0.03
0.96 0.66
0.94 0.01
0.79 0.72
0.31 0.83
0.9 0.8
0.74 0.79
0.29 0.41
0.7 0.6
0.45 0.69
0.2 0.2
0.89 0.72
0.72 0.56
0.74 0.42
0.77 0.71
0.12 0.15
0.35 0.76
0.9 0.9
0.96 0.85
0.97 0.69
0.59 0.84
0.8 0.5
0.27 0.11
0.92 0.85
0.97 0.65
0.82 0.72
0.69 0.98
1.0 0.62
0.95 0.58
0.96 0.55
0.23 0.98
0.69 0.51
0.68 0.13
0.71 0.5
0.92 0.08
0.5 0.52
0.26 0.86
0.57 0.57
0.65 0.79
0.93 0.65
0.58 0.57
0.56 0.75
0.54 0.63
0.99 0.39
0.04 0.47
0.66 0.55
0.55 0.58
0.14 0.25
0.59 0.99
0.88 0.98
0.18 0.76
0.41 0.81
0.78 0.61
0.72 0.5
0.8 0.82
0.57 0.86
0.17 0.76
0.77 0.65
0.82 0.52
1.0 0.72
0.74 0.93
