76
0.2 0.02
0.03 0.11
0.25 0.14
0.01 0.08
0.31 0.35
0.19 0.1
0.19 0.33
0.27 0.08
0.15 0.24
0.04 0.08
0.24 0.01
0.14 0.24
0.26 0.02
0.24 0.13
0.14 0.08
0.16 0.16
0.25 0.1
0.16 0.11
0.07 0.14
0.29 0.27
0.2 0.34
0.35 0.32
0.35 0.28
0.27 0.07
0.31 0.34
0.08 0.13
0.35 0.34
0.28 0.21
0.17 0.18
0.11 0.1
0.28 0.27
0.29 0.08
0.23 0.06
0.29 0.18
0.08 0.17
0.03 0.22
0.33 0.29
0.24 0.11
0.19 0.22
0.03 0.24
0.07 0.24
0.03 0.07
0.11 0.04
0.27 0.22
0.21 0.03
0.14 0.04
0.11 0.35
0.32 0.21
0.03 0.06
0.11 0.25
0.28 0.01
0.27 0.12
0.22 0.33
0.22 0.14
0.1 0.2
0.18 0.24
0.18 0.11
0.3 0.12
0.15 0.34
0.16 0.27
0.17 0.23
0.14 0.29
0.16 0.28
0.06 0.19
0.15 0.08
0.18 0.14
0.32 0.34
0.19 0.06
0.22 0.19
0.25 0.34
0.24 0.24
0.28 0.09
0.2 0.19
0.32 0.27
0.01 0.18
0.06 0.15
