76
0.09 0.2
0.23 0.01
0.17 0.23
0.12 0.12
0.03 0.11
0.33 0.05
0.16 0.24
0.2 0.06
0.15 0.06
0.23 0.2
0.04 0.21
0.35 0.27
0.32 0.01
0.25 0.2
0.22 0.33
0.08 0.01
0.13 0.03
0.11 0.23
0.21 0.21
0.03 0.06
0.02 0.32
0.01 0.26
0.31 0.29
0.3 0.26
0.18 0.15
0.25 0.01
0.25 0.05
0.02 0.23
0.21 0.28
0.22 0.03
0.23 0.16
0.2 0.04
0.11 0.29
0.2 0.35
0.22 0.23
0.23 0.15
0.25 0.1
0.28 0.07
0.27 0.15
0.31 0.16
0.22 0.09
0.34 0.34
0.03 0.07
0.19 0.29
0.08 0.03
0.12 0.18
0.17 0.35
0.18 0.26
0.24 0.13
0.17 0.24
0.31 0.34
0.02 0.27
0.2 0.34
0.11 0.27
0.17 0.26
0.24 0.28
0.27 0.04
0.35 0.1
0.31 0.06
0.11 0.01
0.19 0.13
0.04 0.04
0.32 0.17
0.06 0.01
0.15 0.22
0.2 0.17
0.29 0.08
0.27 0.24
0.1 0.03
0.07 0.1
0.02 0.07
0.13 0.11
0.24 0.16
0.31 0.32
0.08 0.07
0.27 0.06
