80
0.05 0.43
0.09 0.39
0.02 0.42
0.27 0.79
0.02 0.19
0.22 0.05
0.06 0.23
0.46 0.43
0.12 0.06
0.98 0.33
0.21 0.17
0.27 0.84
0.33 0.06
0.34 0.23
0.48 0.81
0.19 0.22
0.16 0.17
0.32 0.24
0.37 0.39
0.23 0.29
0.1 0.39
0.42 0.37
0.37 0.18
0.89 0.98
0.17 0.24
0.63 0.61
0.99 0.08
0.16 0.29
0.34 0.2
0.47 0.49
0.23 0.1
0.05 0.21
0.63 0.77
0.42 0.47
0.08 0.81
0.06 0.25
0.69 0.47
0.48 0.07
0.69 0.48
0.19 0.41
0.71 0.28
0.17 0.85
0.14 0.9
0.43 0.78
0.22 0.21
0.47 0.11
0.34 0.34
0.28 0.07
0.49 0.25
0.38 0.06
0.16 0.96
0.26 0.08
0.36 0.41
0.41 0.12
0.1 0.16
0.35 0.2
0.36 0.19
0.06 0.3
0.76 0.49
0.55 0.94
0.47 0.08
0.83 0.59
0.32 0.44
0.38 0.29
0.79 0.09
0.21 0.02
0.11 0.01
0.32 0.27
0.04 0.22
0.21 0.05
0.01 0.2
0.38 0.36
0.01 0.46
0.33 0.79
0.03 0.5
0.69 0.06
0.08 0.32
0.06 0.46
0.17 0.42
0.34 0.39
