40
0.06 0.05333333333333334
0.17 0.24
0.31666666666666665 0.04
0.023333333333333334 0.08
0.25 0.10666666666666667
0.07 0.30333333333333334
0.0033333333333333335 0.2966666666666667
0.013333333333333334 0.16
0.17333333333333334 0.08333333333333333
0.0033333333333333335 0.03
0.13333333333333333 0.06666666666666667
0.3 0.05333333333333334
0.023333333333333334 0.2833333333333333
0.27 0.16
0.11 0.20666666666666667
0.06333333333333334 0.05333333333333334
0.09333333333333334 0.10666666666666667
0.2733333333333333 0.21666666666666667
0.12333333333333334 0.013333333333333334
0.27 0.23666666666666666
0.12333333333333334 0.07666666666666666
0.2 0.15666666666666668
0.13333333333333333 0.22333333333333333
0.32666666666666666 0.12333333333333334
0.3 0.15333333333333332
0.013333333333333334 0.06
0.21333333333333335 0.023333333333333334
0.08333333333333333 0.0033333333333333335
0.25 0.08333333333333333
0.12333333333333334 0.10666666666666667
0.22 0.04
0.17 0.29333333333333333
0.05 0.04666666666666667
0.043333333333333335 0.2633333333333333
0.11 0.02
0.33 0.17
0.21666666666666667 0.006666666666666667
0.07 0.27
0.2966666666666667 0.14666666666666667
0.08 0.26666666666666666
