60
0.29 0.32
0.25 0.26
0.4 0.88
0.44 0.46
0.29 0.36
0.16 0.45
0.96 0.92
0.9 0.71
0.42 0.01
0.19 0.26
0.15 0.14
0.49 0.08
0.76 0.29
0.88 0.19
0.45 0.98
0.2 0.07
0.02 0.18
0.09 0.23
0.36 0.42
0.02 0.17
0.49 0.18
0.97 0.89
0.4 0.48
0.45 0.92
0.08 0.31
0.96 0.66
0.54 0.65
0.5 0.72
0.29 0.68
0.08 0.06
0.31 0.46
0.18 0.18
0.11 0.4
0.31 0.07
0.19 0.37
0.46 0.82
0.05 0.37
0.15 0.2
0.19 0.4
0.37 0.43
0.11 0.46
0.11 0.44
0.31 0.05
0.39 0.23
0.85 0.17
0.19 0.3
0.68 0.32
0.02 0.76
0.08 0.49
0.38 0.28
0.39 0.2
0.28 0.19
0.48 0.43
0.2 0.37
0.36 0.2
0.64 0.83
0.01 0.49
0.62 0.57
0.44 0.31
0.63 0.6
