99
0.12 0.96
0.97 0.05
0.73 0.41
0.85 0.47
0.39 0.42
0.75 0.18
0.95 0.95
0.67 0.16
0.85 0.01
0.96 0.42
0.93 0.1
0.92 0.47
0.86 0.22
0.85 0.78
0.98 0.36
0.9 0.39
0.92 0.53
0.92 0.27
0.76 0.25
0.96 0.43
0.17 0.48
0.67 0.36
0.97 0.25
0.75 0.08
0.67 0.04
0.86 0.08
0.87 0.86
0.98 0.35
0.5 0.22
0.77 0.41
0.94 0.1
0.91 0.73
0.1 0.66
0.77 0.35
0.7 0.45
0.98 0.24
0.31 0.95
0.85 0.42
0.88 0.42
0.75 0.37
0.75 0.45
0.66 0.1
0.8 0.5
0.43 0.72
0.71 0.09
0.36 0.39
0.81 0.2
0.88 0.46
0.75 0.35
0.88 0.3
0.89 0.02
0.85 0.93
0.87 0.22
0.94 0.33
0.49 0.66
0.73 0.21
0.73 0.48
0.43 0.5
0.25 0.22
0.02 0.32
0.95 0.24
0.93 0.17
0.74 0.04
0.68 0.05
0.9 0.12
0.99 0.46
0.6 0.98
0.79 0.39
0.4 0.74
0.78 0.36
0.22 0.68
0.45 0.9
0.07 0.81
1.0 0.37
0.94 0.7
0.88 0.43
0.35 0.46
0.96 0.01
0.85 0.5
0.32 0.73
0.82 0.31
0.99 0.75
0.82 0.4
0.95 0.43
0.83 0.27
0.65 0.62
0.87 0.42
0.76 0.35
0.89 0.85
0.96 0.11
1.0 0.06
0.5 0.39
0.75 0.05
0.89 0.21
0.87 0.31
0.98 0.05
1.0 0.36
0.9 0.43
0.81 0.19
