40
0.13333333333333333 0.23333333333333334
0.013333333333333334 0.07
0.17333333333333334 0.20666666666666667
0.24333333333333335 0.05
0.2966666666666667 0.11666666666666667
0.18666666666666668 0.03666666666666667
0.20666666666666667 0.21666666666666667
0.1 0.18
0.05333333333333334 0.21666666666666667
0.023333333333333334 0.07333333333333333
0.09 0.2633333333333333
0.10333333333333333 0.08666666666666667
0.02666666666666667 0.28
0.26666666666666666 0.03333333333333333
0.01 0.30666666666666664
0.21666666666666667 0.17666666666666667
0.2966666666666667 0.15666666666666668
0.1 0.21333333333333335
0.26 0.09
0.17666666666666667 0.3
0.043333333333333335 0.14
0.15333333333333332 0.023333333333333334
0.24666666666666667 0.12666666666666668
0.17333333333333334 0.08666666666666667
0.23333333333333334 0.30666666666666664
0.16666666666666666 0.31
0.15666666666666668 0.05333333333333334
0.16666666666666666 0.28
0.2733333333333333 0.17666666666666667
0.32666666666666666 0.03666666666666667
0.2866666666666667 0.27
0.23333333333333334 0.06333333333333334
0.013333333333333334 0.04
0.26 0.2833333333333333
0.043333333333333335 0.30333333333333334
0.22 0.06666666666666667
0.08333333333333333 0.31333333333333335
0.043333333333333335 0.22666666666666666
0.28 0.11
0.09666666666666666 0.03
