60
0.42 0.79
0.73 0.21
0.45 0.4
0.78 0.94
0.28 0.7
0.85 0.92
0.7 0.14
0.39 0.26
0.81 0.49
0.18 0.4
0.05 0.87
0.32 0.12
0.21 0.72
0.27 0.54
0.4 0.81
0.81 0.1
0.06 0.27
0.03 0.56
0.96 0.53
0.4 0.06
0.22 0.37
0.67 0.02
0.29 0.91
0.98 0.24
0.94 0.58
0.75 0.81
0.28 0.16
0.77 0.19
0.76 0.77
0.15 0.14
0.16 0.85
0.34 0.79
0.58 0.18
0.1 0.58
0.47 0.87
0.56 0.28
0.61 0.37
0.16 0.01
0.1 0.44
0.67 0.21
0.4 0.21
0.2 0.66
0.29 0.11
0.21 0.46
0.86 0.93
0.47 0.07
0.57 0.78
0.08 0.26
0.2 0.09
0.5 0.15
0.86 0.65
0.5 0.17
0.98 0.58
0.19 0.1
0.35 0.3
0.02 0.07
0.08 0.61
0.76 0.5
0.62 0.61
0.53 0.18
