60
0.14 0.2633333333333333
0.24333333333333335 0.07
0.15 0.13333333333333333
0.26 0.31333333333333335
0.09333333333333334 0.23333333333333334
0.2833333333333333 0.30666666666666664
0.23333333333333334 0.04666666666666667
0.13 0.08666666666666667
0.27 0.16333333333333333
0.06 0.13333333333333333
0.016666666666666666 0.29
0.10666666666666667 0.04
0.07 0.24
0.09 0.18
0.13333333333333333 0.27
0.27 0.03333333333333333
0.02 0.09
0.01 0.18666666666666668
0.32 0.17666666666666667
0.13333333333333333 0.02
0.07333333333333333 0.12333333333333334
0.22333333333333333 0.006666666666666667
0.09666666666666666 0.30333333333333334
0.32666666666666666 0.08
0.31333333333333335 0.19333333333333333
0.25 0.27
0.09333333333333334 0.05333333333333334
0.25666666666666665 0.06333333333333334
0.25333333333333335 0.25666666666666665
0.05 0.04666666666666667
0.05333333333333334 0.2833333333333333
0.11333333333333333 0.2633333333333333
0.19333333333333333 0.06
0.03333333333333333 0.19333333333333333
0.15666666666666668 0.29
0.18666666666666668 0.09333333333333334
0.20333333333333334 0.12333333333333334
0.05333333333333334 0.0033333333333333335
0.03333333333333333 0.14666666666666667
0.22333333333333333 0.07
0.13333333333333333 0.07
0.06666666666666667 0.22
0.09666666666666666 0.03666666666666667
0.07 0.15333333333333332
0.2866666666666667 0.31
0.15666666666666668 0.023333333333333334
0.19 0.26
0.02666666666666667 0.08666666666666667
0.06666666666666667 0.03
0.16666666666666666 0.05
0.2866666666666667 0.21666666666666667
0.16666666666666666 0.056666666666666664
0.32666666666666666 0.19333333333333333
0.06333333333333334 0.03333333333333333
0.11666666666666667 0.1
0.006666666666666667 0.023333333333333334
0.02666666666666667 0.20333333333333334
0.25333333333333335 0.16666666666666666
0.20666666666666667 0.20333333333333334
0.17666666666666667 0.06
