60
0.45 0.14
0.33 0.22
0.21 0.5
0.04 0.16
0.5 0.13
0.03 0.12
0.32 0.05
0.86 0.12
0.16 0.25
0.9 0.14
0.04 0.22
0.18 0.19
0.45 0.48
0.28 0.27
0.38 0.01
0.77 0.38
0.84 0.82
0.83 0.51
0.34 0.42
0.28 0.19
0.36 0.29
0.5 0.92
0.91 0.94
0.66 0.12
0.49 0.37
0.29 0.37
0.59 0.57
0.35 0.16
0.24 0.06
0.19 0.47
0.4 0.33
0.31 0.32
0.59 0.87
0.21 0.19
0.88 0.2
0.39 0.09
0.08 0.31
0.35 0.03
0.37 0.19
0.08 0.49
0.18 0.35
0.1 0.48
0.02 0.29
0.39 0.49
0.39 0.02
0.47 0.04
0.3 0.02
0.32 0.12
0.23 0.29
0.45 0.23
0.68 0.85
0.36 0.91
0.17 0.19
0.05 0.03
0.19 0.31
0.67 0.22
0.73 0.7
0.27 0.44
0.31 0.38
0.8 0.69
