59
0.55 0.425
0.875 0.5
0.425 0.45
0.575 0.15
0.325 0.7
0.775 0.825
0.625 0.4
0.7 0.525
0.275 0.8
0.75 0.25
0.25 0.825
0.725 0.375
0.025 0.575
0.7 0.725
0.325 0.45
0.25 0.525
0.35 0.275
0.875 0.15
0.5 0.1
0.05 0.275
0.575 0.325
0.825 0.15
0.675 0.775
0.35 0.125
0.325 0.675
0.475 0.025
0.175 0.4
0.725 0.825
0.325 0.65
0.025 0.3
0.325 0.6
0.225 0.85
0.825 0.675
0.85 0.85
0.175 0.7
0.8 0.675
0.55 0.725
0.2 0.15
0.825 0.3
0.275 0.2
0.25 0.075
0.025 0.4
0.075 0.175
0.35 0.5
0.15 0.1
0.8 0.65
0.5 0.55
0.3 0.3
0.725 0.2
0.55 0.125
0.65 0.4
0.1 0.35
0.825 0.425
0.65 0.575
0.4 0.1
0.275 0.35
0.7 0.375
0.775 0.35
0.65 0.75
