80
0.27 0.94
0.15 0.99
0.1 0.69
0.31 0.7
0.21 0.8
0.49 0.96
0.1 0.94
0.21 0.71
0.26 0.14
0.45 0.66
0.8 0.39
0.22 0.22
0.43 0.77
0.03 0.79
0.44 0.99
0.36 0.98
0.22 0.88
0.22 0.01
0.28 0.79
0.11 0.88
0.13 0.72
0.52 0.93
0.25 0.03
0.48 0.87
0.15 0.48
0.45 0.47
0.33 0.98
0.46 0.94
0.29 0.99
0.49 0.74
0.02 0.67
0.06 0.74
0.04 0.73
0.15 0.4
0.89 0.21
0.77 0.96
0.41 0.89
0.93 0.79
0.27 1.0
0.6 0.91
0.4 0.79
0.82 0.8
0.31 0.94
0.69 0.48
0.5 0.77
0.33 0.95
0.48 0.96
0.13 0.76
0.72 0.75
0.46 0.77
0.83 0.09
0.31 0.97
0.56 0.96
0.2 0.67
0.15 0.9
0.73 0.37
0.66 0.28
0.06 1.0
0.16 0.81
0.03 0.94
0.09 0.8
0.03 0.71
0.86 0.22
0.06 0.69
0.28 0.84
0.12 0.86
0.04 0.89
0.8 0.32
0.71 0.44
0.33 0.12
0.9 0.56
0.48 0.2
0.5 0.81
0.16 0.06
0.92 0.41
0.37 0.2
0.04 0.74
0.1 0.74
0.48 0.91
0.37 0.87
