80
0.67 0.86
0.68 0.76
0.63 0.54
0.72 0.64
0.87 0.75
0.78 0.81
0.89 1.0
0.88 0.76
0.69 0.77
0.5 0.99
0.77 0.57
0.66 0.99
0.62 0.91
0.9 0.27
0.76 0.77
0.56 0.83
0.78 0.16
0.8 0.67
0.87 0.57
0.57 0.8
0.9 0.03
0.88 0.69
0.6 0.5
0.7 0.88
0.63 0.5
0.56 0.84
0.95 0.54
0.96 0.57
0.53 0.6
0.87 0.59
0.91 0.7
0.82 0.89
0.55 0.83
0.3 0.98
0.99 0.48
0.8 0.82
0.69 0.66
0.83 0.95
0.78 0.37
0.9 0.86
0.94 0.61
0.99 0.55
0.99 0.88
0.61 0.52
0.81 0.67
0.27 0.28
0.91 0.5
0.95 0.8
0.79 0.86
0.65 0.61
0.96 0.75
0.39 0.79
0.4 0.77
0.16 0.07
0.61 0.6
0.96 0.71
0.61 0.57
0.78 0.64
0.89 0.58
0.63 0.84
0.95 0.61
0.02 0.33
0.85 0.18
0.44 0.72
0.94 0.27
0.88 0.63
0.8 0.88
0.85 0.96
0.97 0.52
0.85 0.55
0.93 0.71
0.88 0.93
0.65 0.92
0.94 0.59
0.66 0.65
0.03 0.67
0.97 0.42
0.64 0.74
0.67 0.21
0.79 0.74
