80
0.84 0.41
0.76 0.48
0.72 0.05
0.87 0.07
0.8 0.22
1.0 0.44
0.72 0.41
0.8 0.08
0.26 0.14
0.45 0.66
0.8 0.39
0.22 0.22
0.96 0.17
0.67 0.2
0.44 0.99
0.9 0.46
0.81 0.33
0.22 0.01
0.28 0.79
0.73 0.33
0.74 0.1
0.52 0.93
0.25 0.03
0.98 0.31
0.15 0.48
0.45 0.47
0.88 0.47
0.97 0.41
0.85 0.49
1.0 0.13
0.67 0.03
0.69 0.13
0.68 0.11
0.15 0.4
0.89 0.21
0.77 0.96
0.94 0.34
0.93 0.79
0.84 0.5
0.6 0.91
0.93 0.2
0.82 0.8
0.87 0.42
0.69 0.48
1.0 0.17
0.88 0.43
0.98 0.44
0.74 0.16
0.72 0.75
0.46 0.77
0.83 0.09
0.87 0.46
0.56 0.96
0.79 0.03
0.76 0.35
0.73 0.37
0.66 0.28
0.69 0.5
0.77 0.23
0.67 0.41
0.71 0.21
0.03 0.71
0.86 0.22
0.7 0.05
0.85 0.27
0.74 0.3
0.04 0.89
0.8 0.32
0.71 0.44
0.33 0.12
0.9 0.56
0.48 0.2
1.0 0.22
0.16 0.06
0.92 0.41
0.37 0.2
0.68 0.13
0.72 0.12
0.99 0.37
0.91 0.32
