100
0.87 0.85
0.74 0.74
0.18 0.75
0.88 0.98
0.27 0.97
0.53 0.99
0.63 0.78
0.24 0.85
0.78 0.65
0.46 0.35
0.7 0.55
0.7 0.7
0.9 0.98
0.99 0.83
0.89 0.94
0.79 0.74
0.64 0.92
0.63 0.93
0.68 0.94
1.0 0.89
0.01 0.99
0.9 0.64
0.11 0.69
0.82 0.66
0.99 0.65
0.85 0.47
0.64 0.79
0.76 0.55
0.57 0.95
0.77 0.92
0.79 0.63
0.32 0.69
0.79 0.86
0.89 0.98
0.07 0.11
1.0 0.18
0.61 0.88
0.62 0.65
0.95 0.69
0.78 0.92
0.55 0.52
0.47 0.46
0.45 0.39
0.68 0.77
0.12 0.85
0.94 0.87
0.56 0.7
0.71 0.74
0.3 0.77
0.51 0.9
0.31 0.14
0.85 0.83
0.58 0.65
0.71 0.54
0.65 0.69
0.6 0.53
1.0 0.76
0.52 0.81
0.62 0.86
0.98 0.86
0.52 0.99
0.46 0.78
0.71 0.64
0.97 0.79
0.67 0.83
0.5 0.68
0.91 0.54
0.57 0.85
0.93 0.79
0.67 0.79
0.23 0.06
0.8 0.51
0.31 0.37
0.45 0.03
0.66 0.69
0.63 0.81
0.8 0.55
0.85 0.87
0.22 0.97
0.09 0.8
0.91 0.86
0.91 0.34
0.39 0.87
0.17 0.24
0.63 0.79
0.5 0.42
0.67 0.8
0.36 0.38
0.98 0.83
0.82 0.11
0.57 0.9
0.66 0.62
0.94 0.99
0.6 0.93
0.59 0.61
0.58 1.0
0.67 0.27
0.72 0.36
0.72 0.95
0.62 0.99
