80
0.67 0.49
0.43 0.89
0.16 0.96
0.9 0.73
0.08 0.94
0.39 0.94
0.27 0.41
0.41 0.91
0.83 0.45
0.47 0.1
0.5 0.66
0.05 0.73
0.04 0.1
0.16 0.94
0.35 0.81
0.3 0.99
0.96 0.37
0.47 0.88
0.31 0.05
0.17 0.98
0.46 0.83
0.39 0.91
0.39 1.0
0.64 0.55
0.1 0.26
0.96 0.03
0.71 0.06
0.25 0.85
0.36 0.92
0.09 0.86
0.4 0.23
0.98 0.11
0.23 0.73
0.37 0.79
0.33 0.67
0.86 0.06
0.8 0.47
0.26 0.79
0.38 0.96
0.25 0.74
0.32 0.96
0.27 0.33
0.04 0.98
0.32 0.87
0.04 0.67
0.4 0.7
0.88 0.11
0.5 0.73
0.38 0.81
0.14 0.95
0.22 0.91
0.3 0.67
0.33 0.69
0.5 0.93
0.23 0.83
0.22 0.69
0.41 0.49
0.47 0.99
0.36 0.25
0.25 0.79
0.09 0.68
0.07 0.2
0.11 0.9
0.41 0.98
0.4 0.8
0.27 0.67
0.47 0.71
0.17 0.9
0.32 1.0
0.1 0.97
0.97 0.43
0.06 0.9
0.9 0.4
0.53 0.51
0.05 0.93
0.06 0.98
0.01 0.95
0.1 0.79
0.26 0.98
0.77 0.2
