98
0.16 0.19
0.08 0.01
0.06 0.26
0.06 0.31
0.16 0.02
0.21 0.04
0.16 0.1
0.09 0.05
0.2 0.19
0.1 0.26
0.22 0.1
0.05 0.02
0.24 0.09
0.19 0.17
0.08 0.21
0.23 0.29
0.01 0.26
0.32 0.08
0.06 0.17
0.02 0.02
0.04 0.31
0.09 0.06
0.23 0.16
0.32 0.22
0.31 0.32
0.28 0.31
0.09 0.14
0.03 0.25
0.18 0.13
0.05 0.09
0.29 0.21
0.28 0.32
0.21 0.06
0.05 0.18
0.22 0.19
0.35 0.17
0.35 0.07
0.07 0.05
0.15 0.19
0.33 0.33
0.11 0.08
0.14 0.22
0.16 0.25
0.35 0.13
0.33 0.28
0.18 0.2
0.09 0.2
0.02 0.35
0.05 0.16
0.02 0.28
0.25 0.1
0.11 0.15
0.15 0.04
0.33 0.22
0.02 0.15
0.12 0.17
0.25 0.35
0.12 0.18
0.29 0.32
0.01 0.16
0.07 0.23
0.3 0.15
0.33 0.34
0.21 0.3
0.16 0.34
0.13 0.18
0.2 0.04
0.22 0.2
0.14 0.05
0.04 0.14
0.12 0.08
0.34 0.29
0.07 0.27
0.21 0.33
0.03 0.2
0.29 0.07
0.15 0.26
0.27 0.13
0.02 0.24
0.29 0.2
0.35 0.08
0.28 0.08
0.27 0.16
0.28 0.05
0.04 0.29
0.1 0.15
0.06 0.04
0.12 0.15
0.03 0.05
0.15 0.08
0.34 0.18
0.2 0.09
0.15 0.35
0.05 0.22
0.21 0.14
0.35 0.29
0.31 0.29
0.07 0.21
