98
0.34 0.13
0.05 0.32
0.06 0.13
0.32 0.33
0.22 0.06
0.29 0.34
0.15 0.2
0.23 0.17
0.02 0.23
0.18 0.09
0.09 0.31
0.29 0.14
0.05 0.35
0.14 0.11
0.06 0.06
0.12 0.29
0.04 0.28
0.03 0.01
0.03 0.24
0.14 0.13
0.19 0.32
0.14 0.21
0.08 0.34
0.19 0.31
0.09 0.21
0.21 0.22
0.04 0.32
0.24 0.22
0.19 0.13
0.09 0.35
0.24 0.26
0.02 0.05
0.33 0.04
0.08 0.31
0.04 0.35
0.07 0.11
0.11 0.04
0.26 0.31
0.35 0.2
0.32 0.3
0.12 0.31
0.07 0.25
0.23 0.31
0.1 0.09
0.34 0.04
0.33 0.33
0.27 0.24
0.11 0.19
0.28 0.03
0.28 0.06
0.07 0.02
0.07 0.1
0.14 0.25
0.23 0.22
0.06 0.19
0.19 0.12
0.23 0.09
0.25 0.29
0.08 0.33
0.28 0.07
0.19 0.25
0.12 0.24
0.15 0.22
0.13 0.17
0.01 0.17
0.23 0.04
0.27 0.12
0.1 0.12
0.14 0.23
0.25 0.08
0.03 0.09
0.25 0.09
0.08 0.06
0.15 0.08
0.21 0.32
0.1 0.07
0.12 0.09
0.01 0.23
0.32 0.09
0.29 0.12
0.01 0.15
0.03 0.14
0.3 0.17
0.21 0.09
0.29 0.21
0.16 0.24
0.24 0.05
0.04 0.29
0.21 0.34
0.13 0.04
0.34 0.05
0.11 0.1
0.21 0.04
0.14 0.18
0.2 0.24
0.13 0.06
0.13 0.32
0.14 0.04
