80
0.05 0.95
0.09 0.92
0.02 0.94
0.27 0.79
0.02 0.78
0.22 0.69
0.06 0.82
0.46 0.95
0.12 0.7
0.98 0.33
0.21 0.77
0.27 0.84
0.83 0.55
0.34 0.81
0.48 0.81
0.19 0.22
0.16 0.77
0.32 0.82
0.86 0.89
0.23 0.29
0.1 0.93
0.92 0.87
0.87 0.67
0.39 0.99
0.17 0.82
0.14 0.74
0.99 0.08
0.16 0.85
0.34 0.79
0.97 0.99
0.23 0.72
0.05 0.8
0.14 0.84
0.42 0.98
0.08 0.81
0.06 0.83
0.69 0.47
0.98 0.56
0.69 0.48
0.19 0.94
0.71 0.28
0.17 0.85
0.14 0.9
0.43 0.78
0.22 0.8
0.47 0.73
0.34 0.89
0.78 0.56
0.99 0.74
0.38 0.69
0.16 0.96
0.26 0.71
0.36 0.94
0.41 0.74
0.1 0.16
0.85 0.69
0.36 0.78
0.06 0.86
0.76 0.49
0.06 0.96
0.47 0.71
0.33 0.72
0.32 0.96
0.88 0.79
0.79 0.09
0.21 0.02
0.6 0.5
0.32 0.84
0.04 0.8
0.21 0.05
0.01 0.79
0.38 0.9
0.01 0.97
0.33 0.79
0.03 1.0
0.69 0.06
0.08 0.88
0.06 0.97
0.66 0.92
0.34 0.92
