20
0.21 0.15666666666666668
0.3333333333333333 0.19
0.16333333333333333 0.17
0.21333333333333335 0.056666666666666664
0.12 0.2633333333333333
0.29 0.30666666666666664
0.23666666666666666 0.14666666666666667
0.26 0.19333333333333333
0.10333333333333333 0.2966666666666667
0.28 0.09
0.08666666666666667 0.31
0.27 0.14
0.006666666666666667 0.21666666666666667
0.26666666666666666 0.27666666666666667
0.12333333333333334 0.17
0.09 0.19666666666666666
0.13333333333333333 0.09666666666666666
0.32666666666666666 0.05333333333333334
0.19 0.03
0.016666666666666666 0.10333333333333333
