20
0.32 0.14
0.31333333333333335 0.016666666666666666
0.07 0.23
0.10333333333333333 0.07333333333333333
0.05 0.29333333333333333
0.31 0.06666666666666667
0.07666666666666666 0.03
0.30666666666666664 0.25333333333333335
0.07333333333333333 0.25666666666666665
0.23333333333333334 0.0033333333333333335
0.08 0.23333333333333334
0.023333333333333334 0.13333333333333333
0.24333333333333335 0.33
0.04 0.23333333333333334
0.15666666666666668 0.02666666666666667
0.10666666666666667 0.01
0.19 0.25333333333333335
0.14333333333333334 0.2733333333333333
0.15666666666666668 0.04
0.19 0.29
