60
0.66 0.13
0.82 0.33
0.76 0.16
0.98 0.07
0.71 0.23
0.8 0.09
0.86 0.33
1.0 0.39
0.85 0.45
0.31 0.98
0.68 0.11
0.76 0.32
0.71 0.29
0.67 0.46
0.41 0.66
0.92 0.87
0.66 0.25
0.35 0.7
0.93 0.02
0.87 0.04
0.69 0.32
0.86 0.3
0.99 0.65
0.87 0.33
0.21 0.66
0.9 0.14
0.8 0.4
0.44 0.81
0.99 0.32
0.04 0.1
0.53 0.76
0.77 0.25
0.37 0.24
0.89 0.18
0.99 0.25
0.52 0.88
0.38 0.28
0.82 0.37
0.05 0.89
0.5 0.75
0.66 0.44
0.84 0.18
0.82 0.06
0.08 0.01
0.82 0.21
0.94 0.11
0.68 0.39
0.85 0.49
0.72 0.1
0.78 0.15
0.97 0.34
0.6 0.58
0.71 0.11
0.06 0.87
0.99 0.4
0.04 0.87
0.77 0.23
0.05 0.71
0.13 0.71
0.1 0.75
