76
0.75 0.375
0.325 0.075
0.175 0.675
0.725 0.3
0.175 0.05
0.475 0.35
0.325 0.3
0.525 0.05
0.4 0.1
0.425 0.35
0.475 0.1
0.8 0.75
0.125 0.425
0.05 0.2
0.825 0.575
0.3 0.575
0.125 0.375
0.475 0.475
0.1 0.775
0.675 0.575
0.6 0.4
0.4 0.125
0.825 0.85
0.35 0.4
0.3 0.425
0.6 0.275
0.575 0.425
0.675 0.775
0.85 0.65
0.4 0.525
0.7 0.3
0.75 0.175
0.75 0.65
0.3 0.75
0.225 0.65
0.675 0.85
0.425 0.375
0.2 0.3
0.25 0.225
0.15 0.05
0.3 0.5
0.35 0.65
0.75 0.6
0.175 0.425
0.45 0.4
0.1 0.375
0.475 0.25
0.625 0.25
0.725 0.825
0.4 0.15
0.425 0.15
0.1 0.45
0.825 0.075
0.725 0.1
0.85 0.125
0.85 0.05
0.6 0.1
0.325 0.725
0.5 0.075
0.125 0.15
0.625 0.175
0.125 0.25
0.75 0.325
0.375 0.3
0.825 0.2
0.6 0.5
0.725 0.6
0.5 0.125
0.45 0.725
0.425 0.85
0.675 0.1
0.775 0.15
0.625 0.275
0.45 0.15
0.725 0.475
0.45 0.65
