96
0.675 0.85
0.475 0.45
0.275 0.1
0.85 0.875
0.65 0.65
0.175 0.175
0.175 0.525
0.875 0.475
0.125 0.725
0.425 0.675
0.275 0.775
0.125 0.05
0.75 0.425
0.6 0.675
0.175 0.7
0.225 0.675
0.1 0.225
0.65 0.525
0.525 0.225
0.425 0.875
0.225 0.875
0.15 0.75
0.625 0.375
0.75 0.825
0.675 0.875
0.025 0.375
0.45 0.4
0.375 0.6
0.325 0.85
0.175 0.475
0.15 0.825
0.675 0.075
0.85 0.15
0.825 0.675
0.225 0.65
0.7 0.3
0.675 0.125
0.575 0.075
0.6 0.05
0.325 0.65
0.525 0.35
0.55 0.475
0.875 0.075
0.575 0.525
0.625 0.875
0.575 0.6
0.625 0.175
0.4 0.4
0.675 0.575
0.75 0.325
0.25 0.425
0.825 0.175
0.05 0.075
0.15 0.05
0.15 0.25
0.25 0.325
0.075 0.15
0.4 0.825
0.525 0.175
0.075 0.775
0.7 0.15
0.85 0.525
0.125 0.1
0.175 0.8
0.35 0.5
0.225 0.825
0.6 0.225
0.775 0.075
0.375 0.275
0.175 0.125
0.375 0.125
0.575 0.2
0.675 0.525
0.025 0.7
0.825 0.625
0.375 0.525
0.6 0.85
0.25 0.65
0.1 0.125
0.35 0.625
0.6 0.3
0.75 0.25
0.15 0.025
0.125 0.45
0.6 0.825
0.875 0.775
0.475 0.175
0.775 0.275
0.2 0.45
0.425 0.85
0.725 0.25
0.775 0.3
0.4 0.3
0.75 0.725
0.5 0.65
0.45 0.225
