99
0.21 0.24
0.04 0.03
0.12 0.26
0.41 0.12
0.7 0.05
0.69 0.24
0.54 0.62
0.48 0.4
0.05 0.48
0.19 0.08
0.09 0.12
0.18 0.29
0.15 0.03
0.96 0.03
0.24 0.22
0.49 0.3
0.36 0.19
0.31 0.1
0.66 0.44
0.41 0.42
0.2 0.47
0.86 0.28
0.4 0.28
0.46 0.77
0.64 0.87
0.4 0.08
0.41 0.82
0.73 0.02
0.8 0.38
0.12 0.5
0.67 0.31
0.89 1.0
0.92 0.01
0.95 0.52
0.27 1.0
0.29 0.09
0.68 0.75
0.4 0.18
0.13 0.3
0.3 0.3
0.1 0.12
0.47 0.45
0.72 0.22
0.92 0.62
0.13 0.1
0.16 0.33
0.19 0.26
0.17 0.07
0.28 0.2
0.46 0.33
0.4 0.41
0.03 0.13
0.04 0.41
0.38 0.97
0.22 0.78
0.5 0.8
0.43 0.24
0.41 0.19
0.16 0.07
0.72 0.1
0.42 0.19
0.07 0.04
0.22 0.08
0.31 1.0
0.04 0.25
0.33 0.5
0.39 0.2
0.14 0.03
0.27 0.43
0.22 0.09
0.18 0.44
0.08 0.17
0.12 0.23
0.81 0.29
0.71 0.29
0.14 0.43
0.08 0.14
0.34 0.1
0.11 0.26
0.32 0.31
0.16 0.77
0.08 0.04
0.25 0.35
0.11 0.3
0.36 0.87
0.43 0.09
0.5 0.06
0.02 0.41
0.17 0.08
0.4 0.26
0.37 0.92
0.05 0.13
0.1 0.46
0.48 0.04
0.36 0.32
0.19 0.48
0.15 0.45
0.47 0.37
0.97 0.43
