97
0.425 0.575
0.325 0.375
0.075 0.05
0.45 0.725
0.8 0.225
0.725 0.225
0.1 0.025
0.025 0.125
0.1 0.425
0.225 0.25
0.6 0.075
0.85 0.7
0.85 0.55
0.8 0.1
0.325 0.15
0.2 0.875
0.625 0.15
0.325 0.5
0.05 0.375
0.05 0.275
0.775 0.05
0.4 0.825
0.85 0.425
0.85 0.525
0.35 0.425
0.375 0.65
0.55 0.175
0.775 0.1
0.375 0.025
0.725 0.75
0.825 0.7
0.025 0.35
0.525 0.5
0.5 0.45
0.15 0.7
0.8 0.3
0.65 0.275
0.75 0.25
0.7 0.15
0.425 0.15
0.1 0.725
0.2 0.05
0.675 0.05
0.8 0.375
0.55 0.025
0.25 0.05
0.7 0.875
0.025 0.05
0.2 0.675
0.8 0.05
0.875 0.125
0.625 0.475
0.5 0.175
0.45 0.25
0.65 0.325
0.7 0.325
0.525 0.425
0.3 0.225
0.525 0.525
0.225 0.65
0.45 0.175
0.825 0.8
0.4 0.05
0.2 0.175
0.75 0.225
0.175 0.375
0.45 0.225
0.275 0.575
0.45 0.75
0.3 0.35
0.3 0.125
0.35 0.3
0.65 0.5
0.8 0.6
0.725 0.775
0.6 0.7
0.05 0.225
0.725 0.45
0.175 0.075
0.675 0.8
0.25 0.4
0.025 0.525
0.425 0.775
0.8 0.75
0.725 0.325
0.125 0.6
0.075 0.275
0.175 0.175
0.325 0.45
0.125 0.075
0.15 0.375
0.125 0.375
0.55 0.875
0.45 0.325
0.875 0.075
0.6 0.875
0.35 0.35
