99
0.36 0.92
0.34 0.66
0.01 0.83
0.07 0.71
0.44 0.77
0.33 0.96
0.15 0.72
0.11 0.71
0.14 0.7
0.43 1.0
0.41 0.7
0.28 0.79
0.46 0.71
0.15 0.77
0.85 0.14
0.06 0.95
0.93 0.22
0.49 0.97
0.28 0.88
0.46 0.84
0.45 0.98
0.97 0.36
0.39 0.75
0.47 0.82
0.12 0.89
0.51 0.88
0.12 0.7
0.1 0.87
0.4 0.32
0.71 0.51
0.96 0.6
0.35 0.66
0.31 0.95
0.66 0.28
0.43 0.84
0.71 0.82
0.88 0.14
0.44 0.76
0.5 0.68
0.2 0.83
0.46 0.47
0.48 0.75
0.2 0.95
0.29 0.86
0.8 0.42
0.14 0.82
0.01 0.96
0.01 0.98
0.08 0.99
0.41 0.98
0.43 0.07
0.34 0.82
0.7 0.17
0.3 0.86
0.48 0.87
0.66 0.97
0.3 0.83
0.14 0.77
0.85 0.64
0.39 0.39
0.43 0.88
0.91 0.64
0.52 0.78
0.22 0.95
0.17 0.66
0.31 0.82
0.88 0.03
0.17 0.7
0.02 0.88
0.81 0.94
0.24 0.92
0.24 0.89
0.5 0.82
0.44 0.84
0.28 0.91
0.43 0.81
0.08 0.85
0.68 0.71
0.42 0.98
0.23 0.81
0.29 0.96
0.05 0.84
0.19 0.78
0.15 0.89
0.11 0.8
0.52 0.95
0.07 0.66
0.18 0.08
0.05 0.09
0.12 0.82
0.07 0.97
0.83 0.93
0.11 0.72
0.33 0.76
0.18 0.66
0.72 0.4
0.28 0.8
0.16 0.17
0.41 0.79
