99
0.38 0.9
0.24 0.82
0.18 0.75
0.88 0.98
0.27 0.97
0.04 0.99
0.14 0.85
0.24 0.85
0.28 0.76
0.46 0.35
0.2 0.69
0.21 0.79
0.41 0.99
0.49 0.88
0.39 0.96
0.3 0.82
0.15 0.95
0.14 0.95
0.19 0.96
0.5 0.93
0.01 0.99
0.4 0.75
0.11 0.69
0.82 0.66
0.49 0.76
0.85 0.47
0.64 0.79
0.27 0.69
0.08 0.97
0.28 0.94
0.3 0.75
0.32 0.69
0.29 0.9
0.39 0.99
0.07 0.11
1.0 0.18
0.61 0.88
0.12 0.76
0.45 0.79
0.28 0.95
0.06 0.67
0.47 0.46
0.45 0.39
0.19 0.84
0.12 0.85
0.44 0.91
0.56 0.7
0.21 0.82
0.3 0.77
0.02 0.93
0.31 0.14
0.35 0.89
0.09 0.76
0.22 0.68
0.16 0.79
0.11 0.68
0.5 0.84
0.03 0.87
0.62 0.86
0.98 0.86
0.03 0.99
0.46 0.78
0.21 0.75
0.47 0.86
0.17 0.88
0.5 0.68
0.41 0.68
0.08 0.9
0.43 0.86
0.17 0.86
0.23 0.06
0.3 0.67
0.31 0.37
0.45 0.03
0.17 0.79
0.14 0.87
0.3 0.69
0.35 0.91
0.22 0.97
0.09 0.8
0.41 0.91
0.91 0.34
0.39 0.87
0.17 0.24
0.14 0.86
0.5 0.42
0.36 0.38
0.49 0.89
0.82 0.11
0.08 0.93
0.16 0.74
0.45 1.0
0.11 0.95
0.09 0.73
0.09 1.0
0.67 0.27
0.72 0.36
0.23 0.97
0.13 0.99
