100
0.25333333333333335 0.15666666666666668
0.23666666666666666 0.23666666666666666
0.22333333333333333 0.0033333333333333335
0.17333333333333334 0.19666666666666666
0.16333333333333333 0.0033333333333333335
0.043333333333333335 0.056666666666666664
0.11 0.09
0.10666666666666667 0.29333333333333333
0.21666666666666667 0.29333333333333333
0.06666666666666667 0.17
0.07 0.1
0.07333333333333333 0.05333333333333334
0.043333333333333335 0.1
0.05333333333333334 0.09333333333333334
0.2866666666666667 0.33
0.04 0.21666666666666667
0.056666666666666664 0.2733333333333333
0.18333333333333332 0.13
0.056666666666666664 0.19
0.07666666666666666 0.30666666666666664
0.1 0.11333333333333333
0.09 0.013333333333333334
0.12 0.19333333333333333
0.03666666666666667 0.28
0.14333333333333334 0.02
0.18 0.2633333333333333
0.32666666666666666 0.30333333333333334
0.21666666666666667 0.21666666666666667
0.26 0.18666666666666668
0.30333333333333334 0.18
0.31 0.26666666666666666
0.02666666666666667 0.2966666666666667
0.2966666666666667 0.24
0.09 0.16666666666666666
0.14666666666666667 0.26
0.31333333333333335 0.15333333333333332
0.22333333333333333 0.25333333333333335
0.2833333333333333 0.07666666666666666
0.013333333333333334 0.25333333333333335
0.04 0.19333333333333333
0.11 0.08
0.06666666666666667 0.20666666666666667
0.21333333333333335 0.32
0.2866666666666667 0.26666666666666666
0.14 0.013333333333333334
0.07 0.3
0.15 0.30666666666666664
0.23333333333333334 0.006666666666666667
0.28 0.13
0.03333333333333333 0.20333333333333334
0.01 0.18333333333333332
0.17666666666666667 0.14666666666666667
0.27 0.2833333333333333
0.14 0.21333333333333335
0.09 0.02
0.19 0.21333333333333335
0.29333333333333333 0.09666666666666666
0.02666666666666667 0.07666666666666666
0.13333333333333333 0.3333333333333333
0.13 0.16666666666666666
0.31333333333333335 0.31666666666666665
0.09333333333333334 0.30333333333333334
0.32 0.09
0.2866666666666667 0.08
0.07333333333333333 0.13
0.19333333333333333 0.19666666666666666
0.28 0.03
0.07333333333333333 0.14
0.09 0.16
0.29333333333333333 0.16333333333333333
0.09333333333333334 0.0033333333333333335
0.0033333333333333335 0.30666666666666664
0.32666666666666666 0.15
0.13 0.05
0.27 0.30666666666666664
0.043333333333333335 0.3233333333333333
0.19 0.2866666666666667
0.22333333333333333 0.16
0.11333333333333333 0.016666666666666666
0.26666666666666666 0.043333333333333335
0.19666666666666666 0.2
0.20333333333333334 0.23
0.03 0.31666666666666665
0.19 0.09
0.31333333333333335 0.29333333333333333
0.14666666666666667 0.11
0.2 0.17
0.11 0.21
0.28 0.09
0.23333333333333334 0.1
0.26 0.31666666666666665
0.10333333333333333 0.25666666666666665
0.2833333333333333 0.21666666666666667
0.09333333333333334 0.2733333333333333
0.27666666666666667 0.2733333333333333
0.02 0.18666666666666668
0.2833333333333333 0.08
0.14 0.14666666666666667
0.11 0.006666666666666667
0.15666666666666668 0.07666666666666666
