58
0.6 0.7
0.72 0.7
0.35 0.39
0.92 0.96
0.13 0.9
0.9 0.74
0.94 0.58
0.77 0.06
0.77 0.6
0.7 0.91
0.75 0.41
0.66 0.28
0.52 0.98
0.61 0.68
0.97 0.34
0.99 0.61
0.91 0.97
0.64 0.57
0.39 0.92
0.57 0.57
0.9 0.57
0.79 0.59
0.94 0.54
0.78 0.64
0.5 0.8
0.05 0.81
0.6 0.83
0.23 0.75
0.93 0.97
0.92 0.24
0.53 0.63
0.7 0.1
0.93 0.83
0.29 0.83
0.1 0.05
0.53 0.67
0.68 0.31
0.8 0.88
0.76 0.58
0.6 0.87
0.77 0.9
0.96 0.13
0.55 0.74
0.8 0.67
0.61 0.61
0.69 1.0
0.96 0.5
0.6 0.59
0.08 0.44
0.55 0.98
0.48 0.4
0.66 0.89
0.04 0.71
0.61 0.9
0.57 0.79
0.36 0.97
0.64 0.79
0.87 0.51
