20
0.04666666666666667 0.23
0.24666666666666667 0.043333333333333335
0.07666666666666666 0.2866666666666667
0.28 0.14
0.04 0.24
0.3233333333333333 0.32
0.2 0.23666666666666666
0.19 0.2866666666666667
0.25666666666666665 0.20666666666666667
0.13666666666666666 0.18666666666666668
0.023333333333333334 0.18666666666666668
0.20666666666666667 0.28
0.09666666666666666 0.3233333333333333
0.21 0.2733333333333333
0.17666666666666667 0.20666666666666667
0.07333333333333333 0.31
0.08333333333333333 0.21333333333333335
0.16666666666666666 0.32
0.07 0.15
0.30666666666666664 0.0033333333333333335
