59
0.85 0.32
0.25 0.26
0.93 0.32
0.96 0.46
0.86 0.36
0.16 0.97
0.98 0.42
0.94 0.21
0.94 0.01
0.19 0.83
0.76 0.14
1.0 0.08
0.76 0.29
0.88 0.19
0.96 0.47
0.2 0.7
0.02 0.78
0.72 0.23
0.36 0.42
0.66 0.17
0.99 0.18
0.98 0.39
0.4 0.48
0.97 0.39
0.57 0.8
0.98 0.17
0.68 0.16
0.66 0.22
0.85 0.05
0.71 0.06
0.31 0.97
0.77 0.18
0.6 0.9
0.8 0.56
0.79 0.37
0.98 0.24
0.69 0.37
0.76 0.2
0.79 0.4
0.86 0.93
0.11 0.98
0.73 0.44
0.87 0.05
0.88 0.73
0.85 0.17
0.78 0.3
0.68 0.32
0.67 0.15
0.7 0.49
0.88 0.77
0.92 0.2
0.84 0.19
0.99 0.43
0.9 0.2
0.75 0.34
0.66 0.49
0.74 0.08
0.44 0.87
0.74 0.11
