59
0.07 0.07
0.12 0.43
0.36 0.42
0.49 0.99
0.43 0.3
0.39 0.31
0.28 0.21
0.87 0.42
0.41 0.15
0.27 0.31
0.32 0.11
0.75 0.98
0.01 0.11
0.27 0.43
0.48 0.13
0.31 0.16
0.22 0.78
0.39 0.16
0.25 0.27
0.49 0.45
0.05 0.92
0.61 0.5
0.13 0.02
0.28 0.9
0.5 0.19
0.97 0.98
0.14 0.39
0.68 0.88
0.06 0.12
0.44 0.06
0.76 0.88
0.22 0.02
0.24 0.17
0.02 0.26
1.0 0.48
0.85 0.77
0.53 0.82
0.22 0.07
0.9 0.2
0.73 0.15
0.45 0.11
0.04 0.01
0.82 0.53
1.0 0.14
0.48 0.5
0.47 0.06
0.41 0.49
0.48 0.25
0.13 0.01
0.67 0.22
0.12 0.06
0.09 0.47
0.39 0.75
0.19 0.5
0.44 0.25
0.32 0.31
0.48 0.4
0.38 0.05
0.16 0.27
