100
0.43 0.04
0.84 0.22
0.25 0.21
0.3 0.22
0.1 0.16
0.1 0.24
0.48 0.39
0.18 0.3
0.92 0.4
0.04 0.38
0.83 0.68
0.18 0.5
0.3 0.26
0.1 0.14
0.29 0.1
0.3 0.32
0.32 0.81
0.28 0.02
0.37 0.13
0.04 0.25
0.97 0.32
0.07 0.01
0.07 0.28
0.89 0.8
0.21 0.67
0.98 0.61
0.39 0.04
0.36 0.47
0.09 0.34
0.01 0.35
0.32 0.42
0.44 0.25
0.08 0.85
0.15 0.19
0.91 0.42
0.15 0.15
0.18 0.33
0.42 0.15
0.03 0.03
0.46 0.17
0.94 0.01
0.29 0.22
0.31 0.83
0.4 0.3
0.24 0.29
0.29 0.41
0.21 0.11
0.45 0.69
0.2 0.2
0.4 0.22
0.72 0.56
0.74 0.42
0.27 0.22
0.12 0.15
0.35 0.76
0.9 0.9
0.46 0.36
0.97 0.69
0.59 0.84
0.31 0.01
0.27 0.11
0.43 0.35
0.47 0.16
0.33 0.22
0.19 0.48
0.5 0.13
0.95 0.58
0.96 0.55
0.23 0.98
0.2 0.02
0.68 0.13
0.21 0.01
0.92 0.08
0.01 0.03
0.26 0.86
0.08 0.07
0.65 0.79
0.43 0.15
0.09 0.08
0.07 0.26
0.05 0.14
0.99 0.39
0.04 0.47
0.66 0.55
0.55 0.58
0.14 0.25
0.1 0.49
0.88 0.98
0.18 0.76
0.41 0.81
0.28 0.12
0.22 0.01
0.92 0.85
0.31 0.32
0.08 0.36
0.17 0.76
0.27 0.15
0.82 0.52
0.5 0.23
0.24 0.43
