60
0.71 0.22
0.74 0.29
0.76 0.06
0.75 0.21
0.83 0.17
0.96 0.15
0.92 0.07
0.02 0.74
0.04 0.24
0.38 0.12
0.81 0.2
0.02 0.76
0.97 0.43
0.96 0.21
0.79 0.44
0.14 0.3
0.98 0.23
0.73 0.42
0.84 0.3
0.91 0.06
0.1 0.15
0.41 0.24
0.98 0.28
0.81 0.45
0.9 0.18
0.87 0.18
0.85 0.37
0.19 0.44
0.81 0.34
0.89 0.24
0.8 0.08
0.84 0.06
0.8 0.1
0.48 0.41
0.83 0.41
0.98 0.29
0.87 0.49
0.82 0.2
0.94 0.35
0.28 0.14
0.68 0.49
0.73 0.1
0.69 0.91
0.71 0.59
0.91 0.11
0.72 0.13
0.71 0.09
0.76 0.68
0.88 0.35
0.8 0.27
0.72 0.38
0.95 0.38
0.93 0.2
0.96 0.02
0.72 0.79
0.8 0.19
0.71 0.17
0.84 0.4
0.98 0.32
0.73 0.13
