60
0.29 0.87
0.25 0.26
0.4 0.88
0.44 0.98
0.29 0.9
0.16 0.97
0.47 0.95
0.41 0.8
0.42 0.66
0.19 0.83
0.15 0.75
0.49 0.71
0.76 0.29
0.88 0.19
0.45 0.98
0.2 0.7
0.02 0.78
0.09 0.81
0.36 0.42
0.02 0.77
0.49 0.78
0.47 0.92
0.4 0.48
0.45 0.92
0.57 0.8
0.47 0.77
0.04 0.76
0.01 0.81
0.29 0.68
0.08 0.69
0.31 0.97
0.18 0.77
0.6 0.9
0.8 0.56
0.19 0.91
0.46 0.82
0.05 0.91
0.15 0.79
0.19 0.93
0.86 0.93
0.11 0.98
0.11 0.96
0.31 0.69
0.88 0.73
0.85 0.17
0.19 0.86
0.68 0.32
0.02 0.76
0.08 1.0
0.88 0.77
0.39 0.79
0.28 0.78
0.48 0.95
0.2 0.91
0.36 0.79
0.15 0.89
0.01 0.99
0.12 0.71
0.44 0.87
0.13 0.73
