80
0.11 0.2
0.84 0.31
0.18 0.91
0.28 0.06
0.27 0.31
0.57 0.83
0.9 0.53
0.65 0.62
0.05 0.04
0.02 0.46
0.24 0.33
0.15 0.32
0.95 0.89
0.07 0.21
0.79 0.23
0.26 0.13
0.47 0.35
0.24 0.08
0.27 0.25
0.49 0.06
0.1 0.43
0.02 0.06
0.46 0.39
0.33 0.72
0.34 0.13
0.42 0.77
0.83 0.15
0.29 0.26
0.7 0.94
0.44 0.38
0.18 0.02
0.37 0.03
0.19 0.37
0.08 0.22
0.72 0.5
0.06 0.43
0.29 0.42
0.33 0.17
0.88 0.6
0.37 0.44
0.5 0.08
0.2 0.82
0.15 0.33
0.8 0.55
0.88 0.36
0.18 0.42
0.04 0.17
0.35 0.3
0.28 0.26
0.29 0.22
0.05 0.12
0.01 0.16
0.34 0.27
0.5 0.14
0.66 0.69
0.85 0.14
0.03 0.4
0.34 0.17
0.41 0.38
0.18 0.23
0.32 0.15
0.29 0.32
0.27 0.19
0.19 0.96
0.24 0.01
0.86 0.58
0.24 0.11
0.31 0.26
0.27 0.49
0.54 0.97
0.33 0.75
0.06 0.8
0.42 0.09
0.35 0.47
0.03 0.86
0.42 0.27
0.18 0.3
0.27 0.09
0.36 0.07
0.93 0.44
