60
0.71 0.22
0.12 0.29
0.65 0.55
0.75 0.21
0.26 0.17
0.44 0.76
0.39 0.07
0.02 0.12
0.04 0.24
0.38 0.12
0.73 0.69
0.02 0.15
0.45 0.43
0.96 0.21
0.19 0.96
0.14 0.3
0.47 0.23
0.12 0.42
0.77 0.8
0.37 0.06
0.1 0.15
0.41 0.24
0.47 0.28
0.81 0.45
0.36 0.18
0.31 0.18
0.77 0.87
0.19 0.44
0.23 0.89
0.34 0.24
0.8 0.08
0.84 0.06
0.8 0.1
0.48 0.41
0.83 0.41
0.47 0.29
0.81 0.99
0.24 0.2
0.41 0.35
0.28 0.14
0.04 0.49
0.11 0.72
0.19 0.41
0.22 0.1
0.87 0.6
0.72 0.13
0.09 0.09
0.27 0.18
0.33 0.89
0.7 0.76
0.1 0.38
0.43 0.92
0.9 0.69
0.43 0.02
0.23 0.29
0.21 0.19
0.08 0.17
0.77 0.89
0.97 0.82
0.11 0.13
