60
0.27 0.92
0.71 0.9
0.65 0.44
0.99 0.76
0.95 0.42
0.07 0.31
0.26 0.65
0.74 0.99
0.06 0.24
0.1 0.6
0.09 0.63
0.59 0.23
0.49 0.6
0.01 0.32
0.69 0.27
0.44 0.67
0.47 0.08
0.35 0.38
0.95 0.79
0.5 0.89
0.56 0.54
0.02 0.98
0.09 0.75
0.34 0.76
0.64 0.22
0.23 0.68
0.67 0.04
0.83 0.52
0.94 0.67
0.56 0.38
0.57 0.87
0.2 0.71
1.0 0.77
0.87 0.29
0.02 0.81
0.01 0.23
0.73 0.76
0.4 0.97
0.57 0.74
0.15 0.3
0.33 0.19
0.7 0.31
0.12 0.89
0.83 0.47
0.38 0.94
0.66 0.54
0.88 0.8
0.62 0.63
0.75 0.24
0.49 0.2
0.42 0.38
0.4 0.01
0.66 0.65
0.77 0.18
0.61 0.83
0.39 0.16
0.69 0.05
0.37 0.72
0.68 0.73
0.16 0.97
