77
0.625 0.5
0.775 0.3
0.325 0.45
0.075 0.275
0.225 0.25
0.4 0.275
0.45 0.525
0.625 0.675
0.5 0.55
0.875 0.4
0.2 0.7
0.675 0.45
0.475 0.775
0.7 0.35
0.025 0.85
0.15 0.75
0.35 0.475
0.3 0.875
0.725 0.325
0.075 0.225
0.625 0.475
0.475 0.4
0.725 0.475
0.125 0.6
0.275 0.1
0.55 0.325
0.15 0.275
0.425 0.675
0.15 0.525
0.05 0.05
0.35 0.625
0.675 0.35
0.025 0.35
0.325 0.175
0.375 0.675
0.025 0.225
0.375 0.25
0.075 0.625
0.45 0.775
0.8 0.125
0.2 0.6
0.575 0.075
0.65 0.175
0.375 0.225
0.75 0.725
0.575 0.675
0.575 0.325
0.125 0.1
0.525 0.825
0.85 0.025
0.4 0.85
0.525 0.55
0.3 0.225
0.725 0.35
0.6 0.8
0.65 0.05
0.25 0.325
0.7 0.65
0.2 0.35
0.675 0.775
0.875 0.1
0.675 0.25
0.3 0.85
0.2 0.05
0.325 0.675
0.825 0.55
0.475 0.5
0.025 0.675
0.55 0.725
0.775 0.55
0.65 0.3
0.3 0.525
0.275 0.2
0.45 0.425
0.125 0.8
0.3 0.175
0.875 0.7
