98
0.075 0.75
0.05 0.75
0.475 0.375
0.375 0.7
0.8 0.45
0.525 0.375
0.3 0.725
0.3 0.175
0.175 0.425
0.7 0.775
0.275 0.85
0.325 0.525
0.7 0.025
0.75 0.675
0.075 0.675
0.325 0.2
0.825 0.575
0.325 0.875
0.45 0.4
0.525 0.525
0.175 0.25
0.175 0.675
0.725 0.525
0.525 0.55
0.4 0.125
0.5 0.05
0.225 0.5
0.8 0.65
0.075 0.45
0.55 0.05
0.7 0.8
0.125 0.025
0.5 0.5
0.225 0.125
0.675 0.525
0.05 0.15
0.225 0.375
0.85 0.225
0.075 0.725
0.725 0.675
0.625 0.825
0.6 0.475
0.825 0.15
0.025 0.6
0.75 0.3
0.55 0.55
0.775 0.45
0.5 0.15
0.75 0.15
0.275 0.325
0.725 0.05
0.575 0.65
0.25 0.275
0.6 0.875
0.875 0.325
0.725 0.25
0.05 0.875
0.8 0.05
0.825 0.3
0.025 0.075
0.325 0.725
0.525 0.4
0.45 0.175
0.35 0.55
0.7 0.525
0.525 0.325
0.875 0.425
0.5 0.725
0.2 0.55
0.125 0.375
0.8 0.1
0.35 0.8
0.75 0.35
0.7 0.4
0.125 0.25
0.1 0.4
0.225 0.75
0.375 0.6
0.8 0.475
0.225 0.275
0.275 0.15
0.275 0.625
0.7 0.725
0.625 0.625
0.2 0.825
0.825 0.35
0.6 0.25
0.65 0.175
0.55 0.025
0.7 0.475
0.75 0.625
0.275 0.575
0.35 0.825
0.575 0.4
0.85 0.375
0.5 0.35
0.875 0.225
0.15 0.2
