60
0.18 0.27
0.99 0.71
0.49 0.3
0.37 0.45
0.07 0.35
0.28 0.45
0.93 0.94
0.21 0.24
0.07 0.05
0.18 0.31
0.99 0.2
0.18 0.76
0.68 0.87
0.21 0.28
0.77 0.07
0.26 0.18
0.42 0.3
0.34 0.37
0.96 0.56
0.97 0.33
0.28 0.35
0.1 0.07
0.37 0.17
0.77 0.59
0.74 0.51
0.47 0.39
0.4 0.4
0.2 0.47
0.88 0.31
0.46 0.33
0.53 0.74
0.25 0.47
0.67 0.21
0.07 0.39
0.3 0.2
0.42 0.08
0.35 0.22
0.29 0.06
0.18 0.28
0.2 0.31
0.29 0.36
0.13 0.35
0.17 0.47
0.72 0.16
0.34 0.11
0.09 0.25
0.78 0.77
0.11 0.12
0.01 0.47
0.16 0.84
0.01 0.2
0.24 0.2
0.29 0.46
0.35 0.94
0.35 0.24
0.49 0.4
0.19 0.69
0.16 0.16
0.81 0.9
0.9 0.21
