99
0.25 0.39
0.15 0.06
0.37 0.48
0.09 0.1
0.26 0.1
0.06 0.42
0.44 0.25
0.56 0.51
0.39 0.42
0.1 0.4
0.12 0.13
0.16 0.69
0.13 0.37
0.24 0.5
0.42 0.13
0.36 0.8
0.49 0.43
0.01 0.21
0.34 0.25
0.18 0.48
0.47 0.1
0.39 0.68
0.38 0.99
0.12 0.37
0.06 0.39
0.39 0.48
0.67 0.33
0.18 0.38
0.27 0.3
0.5 0.05
0.79 0.8
0.35 0.5
0.1 0.33
0.23 0.23
0.14 0.24
0.04 0.98
0.71 0.02
0.68 0.58
0.54 0.58
0.1 0.23
0.04 0.44
0.3 0.93
0.07 0.06
0.28 0.1
0.13 0.47
0.53 0.83
0.21 0.15
0.08 0.72
0.32 0.11
0.39 0.39
0.98 0.35
0.49 0.21
0.14 0.38
0.36 0.69
0.34 0.18
0.5 0.93
0.07 0.83
0.44 0.34
0.33 0.11
0.16 0.84
0.12 0.25
0.15 0.24
0.43 0.17
0.42 0.23
0.28 0.36
0.96 0.75
0.16 0.34
0.29 0.31
0.69 0.09
0.4 0.39
1.0 0.62
0.29 0.5
0.46 0.44
0.45 0.14
0.45 0.03
0.4 0.87
0.47 0.93
0.12 0.01
0.03 0.05
0.62 0.73
0.11 0.48
0.41 0.49
0.21 0.19
0.47 0.28
0.35 0.78
0.87 0.09
0.02 0.45
0.43 0.96
0.22 0.49
0.33 0.31
0.94 0.81
0.5 0.21
0.79 0.42
0.46 0.14
0.48 0.31
0.2 0.1
0.3 0.47
0.21 0.09
0.14 0.41
