59
0.78 0.12
0.29 0.44
0.4 0.45
0.47 0.34
0.16 0.05
0.92 0.77
0.44 0.43
0.16 0.23
0.26 0.1
0.18 0.22
0.1 0.04
0.47 0.24
0.47 0.26
0.04 0.29
0.37 0.26
0.89 0.86
0.3 0.04
0.03 0.47
0.84 0.1
0.44 0.11
0.25 0.44
0.13 0.84
0.27 0.05
0.1 0.47
0.32 0.97
0.85 0.68
0.39 0.12
0.92 0.44
1.0 0.08
0.13 0.31
0.27 0.03
0.29 0.32
0.75 0.37
0.99 0.12
0.28 0.82
0.21 0.19
0.21 0.14
0.46 0.04
0.94 0.07
0.24 0.17
0.39 0.02
0.05 0.08
0.15 0.66
0.39 0.26
0.79 0.03
0.25 0.23
0.01 0.07
0.15 0.48
0.11 0.14
0.08 0.5
0.99 0.24
0.03 0.31
0.15 0.91
0.51 0.89
0.08 0.04
0.03 0.25
0.3 0.81
0.07 0.39
0.29 0.45
