97
0.675 0.425
0.625 0.625
0.6 0.025
0.45 0.525
0.425 0.025
0.125 0.15
0.3 0.25
0.275 0.775
0.575 0.775
0.175 0.45
0.2 0.275
0.2 0.15
0.125 0.275
0.15 0.25
0.75 0.875
0.125 0.575
0.15 0.725
0.5 0.35
0.15 0.5
0.2 0.825
0.275 0.3
0.25 0.05
0.325 0.5
0.1 0.75
0.4 0.075
0.475 0.7
0.875 0.8
0.575 0.575
0.7 0.5
0.8 0.475
0.825 0.7
0.075 0.8
0.8 0.65
0.25 0.45
0.4 0.7
0.825 0.425
0.6 0.675
0.75 0.2
0.05 0.675
0.125 0.525
0.3 0.225
0.175 0.55
0.575 0.85
0.75 0.7
0.375 0.05
0.2 0.8
0.4 0.825
0.625 0.025
0.75 0.35
0.1 0.55
0.025 0.5
0.475 0.4
0.725 0.75
0.375 0.575
0.5 0.575
0.775 0.275
0.075 0.2
0.35 0.875
0.35 0.45
0.825 0.85
0.25 0.8
0.85 0.25
0.75 0.225
0.2 0.35
0.525 0.525
0.75 0.075
0.2 0.375
0.25 0.425
0.775 0.425
0.25 0.025
0.025 0.825
0.85 0.4
0.35 0.15
0.725 0.825
0.125 0.85
0.5 0.75
0.6 0.425
0.3 0.05
0.7 0.125
0.55 0.6
0.075 0.825
0.5 0.25
0.825 0.775
0.4 0.3
0.525 0.45
0.3 0.575
0.75 0.25
0.625 0.275
0.7 0.825
0.275 0.675
0.75 0.575
0.25 0.725
0.75 0.725
0.05 0.5
0.375 0.4
0.3 0.025
0.425 0.2
