98
0.97 0.48
0.71 0.18
0.09 0.46
0.94 0.49
0.82 0.22
0.67 0.33
0.96 0.25
0.94 0.19
0.15 0.07
0.71 0.08
0.9 0.66
0.68 0.01
0.78 0.04
0.84 0.46
0.99 0.2
0.84 0.44
0.87 0.13
0.69 0.45
0.78 0.34
0.74 0.49
0.07 0.89
0.98 0.06
0.99 0.6
0.72 0.16
0.96 0.16
0.49 0.85
0.95 0.49
0.67 0.94
0.96 0.1
0.75 0.13
0.98 0.48
0.38 0.34
0.68 0.15
0.4 0.71
0.75 0.1
0.79 0.36
0.84 0.32
0.84 0.16
0.94 0.33
0.1 0.11
0.27 0.9
0.87 0.17
0.78 0.25
0.69 0.01
0.92 0.16
0.88 0.13
0.9 0.11
0.74 0.04
0.11 0.71
0.97 0.21
0.88 0.17
0.97 0.13
0.8 0.41
0.68 0.2
0.74 0.43
0.94 0.29
0.7 0.22
0.69 0.41
0.05 0.3
0.99 0.07
0.69 0.15
0.79 0.25
0.71 0.29
0.78 0.46
0.76 0.2
0.45 0.79
0.82 0.39
0.99 0.47
0.91 0.36
0.87 0.27
0.02 0.73
0.94 0.09
0.79 0.14
0.86 0.45
0.94 0.45
0.96 0.83
0.15 0.04
0.93 0.25
0.91 0.9
0.12 0.79
0.21 0.69
0.74 0.17
0.68 0.48
0.4 0.17
0.39 0.78
0.95 0.7
0.28 0.77
0.86 0.26
0.19 0.43
0.94 0.35
0.74 0.47
0.86 0.47
0.72 0.29
0.98 0.12
0.1 0.93
0.93 0.79
0.75 0.27
0.76 0.5
