79
0.82 0.4
0.61 0.53
0.29 0.95
0.1 0.21
0.57 0.19
0.61 0.13
0.43 0.57
0.59 0.41
0.98 0.87
0.82 0.49
0.67 0.19
0.41 0.16
0.27 0.98
0.8 0.52
0.9 0.01
0.78 0.02
0.99 0.41
0.44 0.43
0.34 0.61
0.25 0.86
0.05 0.4
0.97 0.77
0.56 0.87
0.71 0.92
0.65 0.48
0.93 0.44
0.43 0.01
0.39 0.76
0.35 0.56
0.21 0.66
0.19 0.59
0.84 0.25
0.05 0.86
0.05 0.98
0.38 0.49
0.95 0.62
0.96 0.92
0.98 0.29
0.9 0.94
0.94 0.43
0.64 0.65
0.91 0.82
0.97 0.5
0.36 0.57
0.98 0.26
0.06 0.12
0.14 0.04
0.11 0.25
0.21 0.3
0.97 0.08
0.3 0.8
0.41 0.04
0.87 0.67
0.55 0.92
0.68 0.34
0.82 0.82
0.85 0.59
1.0 0.19
0.83 0.53
0.22 0.81
0.39 0.61
0.9 0.79
0.64 0.6
0.83 0.58
0.03 0.62
0.12 0.95
0.33 0.11
0.21 1.0
0.66 0.85
0.88 0.2
0.45 0.95
0.25 0.31
0.5 0.85
0.76 0.45
0.91 0.33
0.17 0.05
0.12 0.51
0.62 0.91
0.53 0.12
