60
0.21 0.15666666666666668
0.3333333333333333 0.19
0.16333333333333333 0.17
0.21333333333333335 0.056666666666666664
0.12 0.2633333333333333
0.29 0.30666666666666664
0.23666666666666666 0.14666666666666667
0.26 0.19333333333333333
0.10333333333333333 0.2966666666666667
0.28 0.09
0.08666666666666667 0.31
0.27 0.14
0.006666666666666667 0.21666666666666667
0.26666666666666666 0.27666666666666667
0.12333333333333334 0.17
0.09 0.19666666666666666
0.13333333333333333 0.09666666666666666
0.32666666666666666 0.05333333333333334
0.19 0.03
0.016666666666666666 0.10333333333333333
0.22 0.12333333333333334
0.31 0.05
0.25666666666666665 0.2966666666666667
0.13 0.043333333333333335
0.11666666666666667 0.25666666666666665
0.18 0.01
0.06 0.15
0.27666666666666667 0.31666666666666665
0.12333333333333334 0.24
0.01 0.11333333333333333
0.12 0.22666666666666666
0.08666666666666667 0.3233333333333333
0.31333333333333335 0.26
0.31666666666666665 0.3233333333333333
0.06666666666666667 0.2633333333333333
0.3 0.25666666666666665
0.20333333333333334 0.2733333333333333
0.07 0.05333333333333334
0.31 0.11
0.10666666666666667 0.07666666666666666
0.09 0.02666666666666667
0.0033333333333333335 0.14666666666666667
0.03 0.06666666666666667
0.13 0.19
0.05 0.04
0.30333333333333334 0.24
0.19 0.20666666666666667
0.11666666666666667 0.11666666666666667
0.26666666666666666 0.27
0.27 0.07333333333333333
0.20333333333333334 0.04666666666666667
0.24666666666666667 0.15
0.03666666666666667 0.12666666666666668
0.30666666666666664 0.16
0.24666666666666667 0.21666666666666667
0.15333333333333332 0.03333333333333333
0.1 0.13
0.26666666666666666 0.13666666666666666
0.29 0.12666666666666668
0.24333333333333335 0.2866666666666667
