60
0.71 0.74
0.26 0.75
0.48 0.48
0.27 0.17
0.84 0.36
0.75 0.95
0.89 0.16
0.48 0.53
0.08 0.98
0.57 0.7
0.18 0.27
0.47 0.56
0.31 0.8
0.94 0.55
0.91 0.7
0.11 0.47
0.76 0.4
0.41 0.4
0.96 0.69
0.63 0.81
0.97 0.66
0.87 0.46
0.56 0.77
0.59 0.48
0.85 0.8
0.55 0.3
0.27 0.85
0.88 0.7
0.6 0.38
1.0 0.79
0.96 0.15
0.71 0.02
0.8 0.28
0.11 0.16
0.88 0.21
0.65 0.33
0.31 0.73
0.1 0.97
0.56 0.94
0.58 0.86
0.38 0.28
0.53 0.11
0.9 0.55
0.72 0.16
0.55 0.83
0.28 0.79
0.12 0.59
0.64 0.12
0.72 0.59
0.58 0.58
0.78 0.96
0.21 0.96
0.1 0.13
0.98 0.36
0.77 0.88
0.67 0.23
0.24 0.32
0.38 0.35
0.3 0.9
0.56 0.83
