96
0.27 0.34
0.19 0.18
0.11 0.04
0.34 0.35
0.26 0.26
0.07 0.07
0.07 0.21
0.35 0.19
0.05 0.29
0.17 0.27
0.11 0.31
0.05 0.02
0.3 0.17
0.24 0.27
0.07 0.28
0.09 0.27
0.04 0.09
0.26 0.21
0.21 0.09
0.17 0.35
0.09 0.35
0.06 0.3
0.25 0.15
0.3 0.33
0.27 0.35
0.01 0.15
0.18 0.16
0.15 0.24
0.13 0.34
0.07 0.19
0.06 0.33
0.27 0.03
0.34 0.06
0.33 0.27
0.09 0.26
0.28 0.12
0.27 0.05
0.23 0.03
0.24 0.02
0.13 0.26
0.21 0.14
0.22 0.19
0.35 0.03
0.23 0.21
0.25 0.35
0.23 0.24
0.25 0.07
0.16 0.16
0.27 0.23
0.3 0.13
0.1 0.17
0.33 0.07
0.02 0.03
0.06 0.02
0.06 0.1
0.1 0.13
0.03 0.06
0.16 0.33
0.21 0.07
0.03 0.31
0.28 0.06
0.34 0.21
0.05 0.04
0.07 0.32
0.14 0.2
0.09 0.33
0.24 0.09
0.31 0.03
0.15 0.11
0.07 0.05
0.15 0.05
0.23 0.08
0.27 0.21
0.01 0.28
0.33 0.25
0.15 0.21
0.24 0.34
0.1 0.26
0.04 0.05
0.14 0.25
0.24 0.12
0.3 0.1
0.06 0.01
0.05 0.18
0.24 0.33
0.35 0.31
0.19 0.07
0.31 0.11
0.08 0.18
0.17 0.34
0.29 0.1
0.31 0.12
0.16 0.12
0.3 0.29
0.2 0.26
0.18 0.09
