80
0.01 0.13
0.24 0.33
0.16 0.16
0.98 0.07
0.09 0.23
0.22 0.09
0.29 0.33
1.0 0.39
0.85 0.45
0.31 0.47
0.68 0.11
0.16 0.32
0.09 0.29
0.67 0.46
0.41 0.01
0.43 0.38
0.01 0.25
0.35 0.07
0.39 0.02
0.31 0.04
0.05 0.32
0.3 0.3
0.49 0.15
0.32 0.33
0.21 0.01
0.36 0.14
0.21 0.93
0.44 0.23
0.98 0.81
0.04 0.1
0.04 0.27
0.67 0.74
0.37 0.24
0.33 0.18
0.49 0.25
0.03 0.38
0.38 0.28
0.74 0.87
0.05 0.34
0.5 0.14
0.01 0.96
0.27 0.18
0.82 0.06
0.08 0.01
0.25 0.21
0.42 0.11
0.04 0.39
0.78 0.99
0.6 0.59
0.78 0.15
0.45 0.34
0.11 0.09
0.08 0.73
0.06 0.31
0.48 0.4
0.04 0.31
0.17 0.23
0.05 0.09
0.13 0.08
0.1 0.15
0.38 0.47
0.17 0.48
0.9 0.88
0.84 0.1
0.2 0.32
0.39 0.49
0.28 0.3
0.05 0.17
0.14 0.86
0.24 0.12
0.28 0.33
0.46 0.35
0.69 0.88
0.2 0.36
0.4 0.98
0.48 0.15
0.37 0.09
0.28 0.22
0.13 0.24
0.11 0.07
