80
0.85 0.41
0.37 0.09
0.18 0.77
0.83 0.34
0.2 0.04
0.53 0.4
0.37 0.33
0.6 0.04
0.44 0.1
0.46 0.38
0.55 0.11
0.91 0.85
0.12 0.48
0.06 0.23
0.94 0.66
0.33 0.64
0.12 0.42
0.53 0.53
0.11 0.87
0.75 0.66
0.67 0.45
0.44 0.15
0.93 0.96
0.38 0.44
0.33 0.48
0.67 0.31
0.64 0.48
0.78 0.88
0.98 0.73
0.46 0.58
0.78 0.33
0.83 0.2
0.84 0.74
0.35 0.85
0.25 0.74
0.77 0.96
0.47 0.42
0.23 0.33
0.27 0.24
0.15 0.05
0.76 0.98
0.32 0.58
0.39 0.74
0.85 0.68
0.93 0.97
0.19 0.48
0.5 0.45
0.1 0.42
0.54 0.29
0.71 0.27
0.83 0.93
0.46 0.15
0.48 0.16
0.12 0.5
0.93 0.07
0.81 0.1
0.96 0.13
0.96 0.05
0.69 0.1
0.37 0.81
0.55 0.09
0.13 0.15
0.33 0.56
0.7 0.19
0.13 0.27
0.85 0.36
0.41 0.34
0.69 0.44
0.93 0.22
0.67 0.55
0.81 0.68
0.56 0.14
0.49 0.83
0.48 0.97
0.76 0.11
0.87 0.16
0.72 0.32
0.51 0.15
0.81 0.54
0.51 0.72
