20
0.17666666666666667 0.12
0.08333333333333333 0.12
0.3233333333333333 0.14333333333333334
0.19666666666666666 0.26
0.10666666666666667 0.3233333333333333
0.24333333333333335 0.2966666666666667
0.23333333333333334 0.25
0.15 0.043333333333333335
0.18333333333333332 0.3
0.29 0.09666666666666666
0.21333333333333335 0.2833333333333333
0.14 0.16
0.03333333333333333 0.13
0.2966666666666667 0.043333333333333335
0.12 0.20333333333333334
0.13 0.013333333333333334
0.06666666666666667 0.3233333333333333
0.11666666666666667 0.1
0.24333333333333335 0.08333333333333333
0.19 0.12333333333333334
