20
0.31666666666666665 0.12
0.04666666666666667 0.30333333333333334
0.05333333333333334 0.12
0.30333333333333334 0.31
0.20333333333333334 0.056666666666666664
0.2733333333333333 0.32666666666666666
0.14333333333333334 0.18666666666666668
0.21666666666666667 0.16333333333333333
0.016666666666666666 0.21666666666666667
0.16666666666666666 0.08333333333333333
0.08333333333333333 0.29
0.27666666666666667 0.12666666666666668
0.04666666666666667 0.3333333333333333
0.13333333333333333 0.1
0.056666666666666664 0.05333333333333334
0.11 0.27
0.03666666666666667 0.26666666666666666
0.023333333333333334 0.0033333333333333335
0.02666666666666667 0.22666666666666666
0.12666666666666668 0.11666666666666667
