80
0.32666666666666666 0.013333333333333334
0.1 0.013333333333333334
0.2866666666666667 0.22
0.29 0.15333333333333332
0.29333333333333333 0.10666666666666667
0.2633333333333333 0.15333333333333332
0.2733333333333333 0.14666666666666667
0.17333333333333334 0.05
0.26 0.27
0.2733333333333333 0.32666666666666666
0.07 0.18
0.2733333333333333 0.24
0.2966666666666667 0.02666666666666667
0.32 0.16333333333333333
0.31 0.06333333333333334
0.0033333333333333335 0.24333333333333335
0.25666666666666665 0.3333333333333333
0.03 0.07333333333333333
0.06666666666666667 0.31666666666666665
0.21333333333333335 0.023333333333333334
0.10333333333333333 0.27
0.14666666666666667 0.24
0.19 0.23333333333333334
0.19666666666666666 0.31666666666666665
0.24666666666666667 0.016666666666666666
0.18333333333333332 0.29333333333333333
0.31 0.22
0.03 0.31333333333333335
0.2 0.20666666666666667
0.11 0.30666666666666664
0.17 0.13
0.23333333333333334 0.30666666666666664
0.26 0.24666666666666667
0.32666666666666666 0.13333333333333333
0.2866666666666667 0.26
0.1 0.04
0.17333333333333334 0.32
0.02666666666666667 0.06666666666666667
0.29 0.016666666666666666
0.03666666666666667 0.02666666666666667
0.11666666666666667 0.056666666666666664
0.16666666666666666 0.18333333333333332
0.25333333333333335 0.25333333333333335
0.23 0.23666666666666666
0.06 0.2
0.15333333333333332 0.3333333333333333
0.02666666666666667 0.26666666666666666
0.31 0.07
0.07666666666666666 0.26666666666666666
0.17666666666666667 0.15
0.24666666666666667 0.12666666666666668
0.016666666666666666 0.05333333333333334
0.013333333333333334 0.22
0.2 0.03666666666666667
0.31333333333333335 0.023333333333333334
0.20333333333333334 0.14333333333333334
0.17333333333333334 0.13333333333333333
0.29333333333333333 0.18
0.08 0.25
0.16666666666666666 0.08
0.29333333333333333 0.19333333333333333
0.31 0.21333333333333335
0.18 0.21666666666666667
0.31 0.056666666666666664
0.22333333333333333 0.02666666666666667
0.21 0.20333333333333334
0.016666666666666666 0.10333333333333333
0.15666666666666668 0.02666666666666667
0.2633333333333333 0.043333333333333335
0.07333333333333333 0.006666666666666667
0.11 0.21333333333333335
0.3333333333333333 0.07
0.15333333333333332 0.09333333333333334
0.08333333333333333 0.25
0.09 0.28
0.25 0.03666666666666667
0.07666666666666666 0.14333333333333334
0.2 0.013333333333333334
0.03333333333333333 0.16333333333333333
0.08666666666666667 0.22
