80
0.55 0.06
0.07 0.31
0.71 0.4
0.01 0.22
0.88 0.99
0.54 0.27
0.53 0.94
0.75 0.23
0.43 0.69
0.11 0.21
0.68 0.02
0.38 0.67
0.74 0.05
0.67 0.37
0.38 0.21
0.44 0.44
0.72 0.29
0.45 0.31
0.19 0.39
0.82 0.76
0.57 0.96
1.0 0.9
0.99 0.78
0.76 0.18
0.87 0.96
0.21 0.37
1.0 0.95
0.8 0.59
0.49 0.52
0.3 0.28
0.78 0.77
0.83 0.22
0.65 0.17
0.82 0.52
0.22 0.48
0.07 0.62
0.93 0.82
0.68 0.3
0.54 0.62
0.09 0.68
0.19 0.68
0.08 0.19
0.3 0.09
0.76 0.62
0.67 0.31
0.58 0.07
0.39 0.11
0.32 0.99
0.92 0.6
0.08 0.16
0.02 0.23
0.31 0.69
0.83 0.78
0.79 0.03
0.76 0.35
0.63 0.95
0.61 0.39
0.27 0.55
0.49 0.67
0.5 0.3
0.84 0.32
0.41 0.96
0.44 0.77
0.47 0.65
0.39 0.81
0.44 0.8
0.15 0.53
0.43 0.21
0.49 0.39
0.9 0.97
0.53 0.17
0.61 0.54
0.7 0.97
0.68 0.69
0.78 0.25
0.56 0.53
0.9 0.77
0.02 0.51
0.48 0.65
0.17 0.41
