98
0.12 0.44
0.96 0.54
0.12 0.41
0.28 0.98
0.39 0.42
0.63 0.67
0.45 0.45
0.51 0.65
0.29 0.01
0.43 0.42
0.4 0.1
0.38 0.47
0.86 0.22
0.35 0.29
0.47 0.91
0.85 0.89
0.42 0.04
0.38 0.27
0.16 0.83
0.96 0.43
0.17 0.48
0.03 0.36
0.46 0.25
0.75 0.08
0.03 0.04
0.29 0.08
0.38 0.37
0.47 0.35
0.5 0.22
0.77 0.41
0.41 0.1
0.41 0.24
0.1 0.01
0.17 0.35
0.06 0.45
0.46 0.24
0.31 0.42
0.29 0.42
0.33 0.42
0.14 0.37
0.75 0.45
0.02 0.1
0.8 0.5
0.43 0.1
0.08 0.09
0.36 0.39
0.22 0.2
0.33 0.97
0.14 0.35
0.33 0.3
0.34 0.02
0.36 0.43
0.32 0.22
0.91 0.83
0.07 0.45
0.49 0.02
0.11 0.21
0.11 0.48
0.43 0.5
0.25 0.22
0.02 0.32
0.42 0.24
0.39 0.17
0.62 0.53
0.05 0.05
0.9 0.12
0.48 0.46
0.19 0.39
0.4 0.12
0.18 0.36
0.22 0.04
0.45 0.35
0.07 0.23
0.5 0.37
0.44 0.21
0.33 0.95
0.35 0.46
0.44 0.66
0.28 1.0
0.32 0.12
0.24 0.31
0.49 0.26
0.24 0.4
0.43 0.43
0.83 0.27
0.16 0.12
0.16 0.35
0.39 0.35
0.96 0.11
0.5 0.06
0.5 0.39
0.75 0.05
0.34 0.21
0.31 0.31
0.46 0.05
0.5 0.36
0.36 0.95
0.23 0.78
