78
0.34 0.02
0.11 0.02
0.3 0.24
0.31 0.16
0.31 0.11
0.28 0.16
0.29 0.16
0.18 0.06
0.28 0.29
0.29 0.35
0.08 0.19
0.29 0.26
0.31 0.03
0.34 0.18
0.33 0.07
0.01 0.26
0.27 0.35
0.04 0.08
0.07 0.34
0.23 0.03
0.11 0.29
0.16 0.26
0.2 0.25
0.21 0.34
0.26 0.02
0.2 0.31
0.33 0.23
0.04 0.33
0.21 0.22
0.12 0.33
0.18 0.14
0.25 0.33
0.28 0.26
0.35 0.14
0.3 0.28
0.11 0.04
0.18 0.34
0.03 0.07
0.31 0.02
0.04 0.03
0.13 0.06
0.18 0.2
0.27 0.27
0.24 0.25
0.07 0.21
0.17 0.35
0.03 0.28
0.33 0.08
0.08 0.28
0.19 0.16
0.26 0.14
0.02 0.06
0.02 0.23
0.21 0.04
0.33 0.03
0.22 0.15
0.19 0.14
0.31 0.19
0.09 0.27
0.18 0.09
0.31 0.2
0.19 0.23
0.33 0.06
0.24 0.03
0.23 0.22
0.02 0.11
0.17 0.03
0.28 0.05
0.08 0.01
0.12 0.23
0.35 0.08
0.16 0.1
0.1 0.3
0.26 0.04
0.08 0.15
0.21 0.02
0.04 0.17
0.1 0.24
