99
0.625 0.65
0.225 0.65
0.425 0.425
0.25 0.15
0.75 0.325
0.675 0.85
0.8 0.15
0.425 0.475
0.075 0.85
0.5 0.625
0.175 0.25
0.425 0.5
0.275 0.7
0.825 0.5
0.8 0.625
0.1 0.425
0.675 0.35
0.375 0.35
0.85 0.6
0.55 0.725
0.85 0.575
0.775 0.425
0.5 0.675
0.525 0.425
0.75 0.7
0.5 0.275
0.25 0.75
0.775 0.625
0.525 0.35
0.875 0.7
0.85 0.15
0.625 0.025
0.7 0.25
0.1 0.15
0.775 0.2
0.575 0.3
0.275 0.65
0.1 0.85
0.5 0.825
0.525 0.75
0.35 0.25
0.475 0.1
0.8 0.475
0.65 0.15
0.5 0.725
0.25 0.7
0.125 0.525
0.575 0.1
0.625 0.525
0.525 0.525
0.7 0.85
0.2 0.85
0.1 0.125
0.875 0.325
0.675 0.775
0.6 0.2
0.225 0.275
0.35 0.325
0.275 0.8
0.5 0.75
0.05 0.35
0.875 0.1
0.825 0.8
0.7 0.875
0.65 0.8
0.325 0.475
0.5 0.125
0.5 0.225
0.775 0.65
0.375 0.75
0.375 0.125
0.375 0.425
0.3 0.125
0.3 0.525
0.025 0.7
0.25 0.85
0.3 0.55
0.625 0.6
0.275 0.3
0.325 0.175
0.375 0.075
0.4 0.275
0.2 0.075
0.475 0.7
0.55 0.875
0.05 0.55
0.65 0.75
0.75 0.225
0.85 0.625
0.85 0.425
0.1 0.05
0.8 0.325
0.25 0.575
0.4 0.375
0.825 0.525
0.575 0.35
0.725 0.3
0.025 0.325
0.075 0.6
