60
0.51 0.72
0.81 0.56
0.61 0.59
0.37 0.66
0.83 0.25
0.7 0.99
0.91 0.67
0.88 0.5
0.6 0.88
0.71 0.52
0.33 0.91
0.39 0.72
0.57 0.63
0.83 0.68
0.36 0.78
0.56 0.8
0.66 1.0
0.08 0.46
1.0 0.6
0.37 0.14
0.37 0.99
0.93 0.84
0.76 0.64
0.78 0.58
0.68 0.58
0.91 0.85
0.63 0.81
0.81 0.64
0.62 0.81
1.0 0.98
0.63 0.58
0.98 0.33
0.67 0.64
0.8 0.22
0.74 0.98
0.73 0.62
0.35 0.1
0.52 0.56
0.48 1.0
0.61 0.53
0.63 0.66
0.97 0.54
0.82 0.61
0.6 0.57
0.53 0.85
0.52 0.63
0.78 0.86
0.72 0.72
0.55 0.65
0.7 0.84
0.86 0.72
0.96 0.99
0.69 0.56
1.0 0.66
0.06 0.79
0.81 0.87
0.45 0.11
0.4 0.72
0.86 0.79
0.77 0.86
