99
0.08 0.023333333333333334
0.10666666666666667 0.11666666666666667
0.19 0.29
0.2966666666666667 0.27666666666666667
0.16333333333333333 0.26666666666666666
0.31 0.22333333333333333
0.03333333333333333 0.22
0.07333333333333333 0.10333333333333333
0.28 0.17666666666666667
0.2866666666666667 0.18
0.16666666666666666 0.29333333333333333
0.10333333333333333 0.15333333333333332
0.06333333333333334 0.16
0.11666666666666667 0.17
0.11666666666666667 0.14666666666666667
0.023333333333333334 0.16
0.25 0.06666666666666667
0.31 0.15666666666666668
0.17 0.18
0.23666666666666666 0.31333333333333335
0.02666666666666667 0.19
0.17 0.21666666666666667
0.07666666666666666 0.24666666666666667
0.2633333333333333 0.24
0.023333333333333334 0.27666666666666667
0.10333333333333333 0.2
0.016666666666666666 0.31333333333333335
0.06333333333333334 0.02
0.31666666666666665 0.17333333333333334
0.29333333333333333 0.07
0.29 0.11666666666666667
0.04666666666666667 0.16666666666666666
0.08666666666666667 0.18
0.03333333333333333 0.23333333333333334
0.3 0.17666666666666667
0.06666666666666667 0.31
0.2966666666666667 0.03666666666666667
0.07 0.21
0.23 0.12333333333333334
0.08 0.19
0.02666666666666667 0.26
0.25 0.29333333333333333
0.05 0.03333333333333333
0.16666666666666666 0.33
0.12 0.14666666666666667
0.20666666666666667 0.22666666666666666
0.16333333333333333 0.08666666666666667
0.18 0.02
0.21333333333333335 0.10666666666666667
0.013333333333333334 0.19333333333333333
0.09 0.24666666666666667
0.07666666666666666 0.006666666666666667
0.04666666666666667 0.3233333333333333
0.18666666666666668 0.16
0.12333333333333334 0.26
0.26666666666666666 0.13666666666666666
0.13666666666666666 0.09333333333333334
0.023333333333333334 0.19666666666666666
0.006666666666666667 0.30333333333333334
0.27 0.043333333333333335
0.11 0.15666666666666668
0.26666666666666666 0.15666666666666668
0.26 0.013333333333333334
0.05 0.13333333333333333
0.04666666666666667 0.03
0.1 0.006666666666666667
0.17333333333333334 0.13
0.01 0.25666666666666665
0.12666666666666668 0.016666666666666666
0.15333333333333332 0.14666666666666667
0.16 0.16666666666666666
0.006666666666666667 0.043333333333333335
0.31666666666666665 0.18333333333333332
0.16666666666666666 0.1
0.07333333333333333 0.09333333333333334
0.3333333333333333 0.23666666666666666
0.023333333333333334 0.05
0.3233333333333333 0.16
0.20333333333333334 0.31333333333333335
0.09666666666666666 0.25
0.26 0.07333333333333333
0.29333333333333333 0.01
0.05333333333333334 0.023333333333333334
0.16666666666666666 0.18666666666666668
0.043333333333333335 0.02
0.19666666666666666 0.15
0.26 0.32
0.31 0.04666666666666667
0.19333333333333333 0.2966666666666667
0.21 0.14
0.09666666666666666 0.09333333333333334
0.043333333333333335 0.12666666666666668
0.01 0.31
0.07 0.16333333333333333
0.07666666666666666 0.31333333333333335
0.33 0.17
0.23 0.25
0.3 0.18333333333333332
0.16666666666666666 0.04666666666666667
