97
0.25 0.39
0.76 0.06
0.37 0.48
0.09 0.72
0.84 0.1
0.06 0.42
0.44 0.82
0.7 0.02
0.92 0.42
0.72 0.4
0.12 0.74
0.74 0.37
0.82 0.5
0.42 0.13
0.9 0.21
0.49 0.43
0.01 0.8
0.89 0.25
0.78 0.48
0.98 0.1
0.92 0.04
0.92 0.48
0.12 0.37
0.7 0.39
0.39 0.99
0.67 0.33
0.78 0.38
0.84 0.3
1.0 0.05
0.86 0.3
0.9 0.5
0.72 0.33
0.23 0.81
0.63 0.73
0.68 0.47
0.71 0.02
0.78 0.08
0.68 0.09
0.1 0.23
0.68 0.44
0.86 0.4
0.07 0.06
0.28 0.1
0.74 0.47
0.68 0.34
0.7 0.64
0.7 0.1
0.88 0.11
0.93 0.39
0.98 0.35
0.99 0.21
0.75 0.38
0.9 0.05
0.89 0.18
0.66 0.43
0.7 0.26
0.44 0.34
0.33 0.11
0.76 0.27
0.61 0.75
0.15 0.24
0.93 0.66
0.94 0.23
0.78 0.86
0.98 0.25
0.65 0.84
0.29 0.87
0.69 0.09
0.4 0.92
1.0 0.13
0.85 0.5
0.97 0.44
0.97 0.14
0.45 0.67
0.93 0.31
0.98 0.4
0.74 0.01
0.67 0.05
0.74 0.23
0.11 0.48
0.94 0.49
0.8 0.19
0.98 0.28
0.9 0.18
0.87 0.09
0.02 0.96
0.95 0.43
0.8 0.49
0.33 0.87
0.96 0.32
1.0 0.7
0.79 0.42
0.48 0.31
0.2 0.1
0.79 0.97
0.21 0.72
0.63 0.91
