76
0.5 0.05
0.075 0.275
0.625 0.35
0.025 0.2
0.775 0.875
0.475 0.25
0.475 0.825
0.675 0.2
0.375 0.6
0.1 0.2
0.6 0.025
0.35 0.6
0.65 0.05
0.6 0.325
0.35 0.2
0.4 0.4
0.625 0.25
0.4 0.275
0.175 0.35
0.725 0.675
0.5 0.85
0.875 0.8
0.875 0.7
0.675 0.175
0.775 0.85
0.2 0.325
0.875 0.85
0.7 0.525
0.425 0.45
0.275 0.25
0.7 0.675
0.725 0.2
0.575 0.15
0.725 0.45
0.2 0.425
0.075 0.55
0.825 0.725
0.6 0.275
0.475 0.55
0.075 0.6
0.175 0.6
0.075 0.175
0.275 0.1
0.675 0.55
0.525 0.075
0.35 0.1
0.275 0.875
0.8 0.525
0.075 0.15
0.275 0.625
0.7 0.025
0.675 0.3
0.55 0.825
0.55 0.35
0.25 0.5
0.45 0.6
0.45 0.275
0.75 0.3
0.375 0.85
0.4 0.675
0.425 0.575
0.35 0.725
0.4 0.7
0.15 0.475
0.375 0.2
0.45 0.35
0.8 0.85
0.475 0.15
0.55 0.475
0.625 0.85
0.6 0.6
0.7 0.225
0.5 0.475
0.8 0.675
0.025 0.45
0.15 0.375
