40
0.2833333333333333 0.13666666666666666
0.12333333333333334 0.03
0.06 0.25666666666666665
0.27666666666666667 0.11333333333333333
0.06666666666666667 0.013333333333333334
0.17666666666666667 0.13333333333333333
0.12333333333333334 0.11
0.2 0.013333333333333334
0.14666666666666667 0.03333333333333333
0.15333333333333332 0.12666666666666668
0.18333333333333332 0.03666666666666667
0.30333333333333334 0.2833333333333333
0.04 0.16
0.02 0.07666666666666666
0.31333333333333335 0.22
0.11 0.21333333333333335
0.04 0.14
0.17666666666666667 0.17666666666666667
0.03666666666666667 0.29
0.25 0.22
0.22333333333333333 0.15
0.14666666666666667 0.05
0.31 0.32
0.12666666666666668 0.14666666666666667
0.11 0.16
0.22333333333333333 0.10333333333333333
0.21333333333333335 0.16
0.26 0.29333333333333333
0.32666666666666666 0.24333333333333335
0.15333333333333332 0.19333333333333333
0.26 0.11
0.27666666666666667 0.06666666666666667
0.28 0.24666666666666667
0.11666666666666667 0.2833333333333333
0.08333333333333333 0.24666666666666667
0.25666666666666665 0.32
0.15666666666666668 0.14
0.07666666666666666 0.11
0.09 0.08
0.05 0.016666666666666666
