60
0.25 0.57
0.64 0.02
0.48 0.65
0.32 0.34
0.07 0.32
0.93 0.13
0.46 0.68
0.55 0.17
0.43 0.17
0.65 0.57
0.1 0.58
1.0 0.77
0.9 0.02
0.71 0.55
0.62 0.93
0.21 0.03
0.37 0.08
0.31 0.64
0.58 0.6
0.09 0.17
0.05 0.91
0.01 0.72
0.87 0.81
0.85 0.75
0.5 0.41
0.71 0.02
0.7 0.14
0.04 0.65
0.6 0.78
0.62 0.08
0.64 0.45
0.56 0.1
0.59 0.59
0.3 0.81
0.57 0.98
0.63 0.65
0.02 0.72
0.64 0.41
0.72 0.28
0.8 0.2
0.77 0.41
0.87 0.46
0.63 0.23
0.96 0.96
0.07 0.2
0.53 0.83
0.21 0.07
0.34 0.49
0.48 0.98
0.51 0.74
0.66 0.35
0.49 0.69
0.87 0.97
0.05 0.76
0.56 0.95
0.3 0.76
0.49 0.74
0.68 0.78
0.78 0.1
0.99 0.27
