20
0.25666666666666665 0.31666666666666665
0.17666666666666667 0.16666666666666666
0.1 0.03666666666666667
0.31666666666666665 0.3333333333333333
0.24333333333333335 0.24333333333333335
0.06 0.06333333333333334
0.06333333333333334 0.2
0.33 0.17333333333333334
0.04 0.27666666666666667
0.16333333333333333 0.25333333333333335
0.1 0.29
0.043333333333333335 0.01
0.28 0.16
0.22666666666666666 0.25666666666666665
0.06333333333333334 0.2633333333333333
0.08666666666666667 0.25333333333333335
0.03666666666666667 0.08
0.10333333333333333 0.03666666666666667
0.24333333333333335 0.2
0.2 0.08666666666666667
