60
0.09 0.03
0.11 0.13
0.2 0.31
0.31 0.29
0.17 0.28
0.33 0.24
0.04 0.23
0.08 0.11
0.3 0.19
0.31 0.19
0.18 0.31
0.11 0.16
0.07 0.17
0.12 0.18
0.12 0.16
0.03 0.17
0.27 0.07
0.33 0.17
0.18 0.19
0.25 0.33
0.03 0.2
0.18 0.23
0.08 0.26
0.28 0.26
0.03 0.29
0.11 0.21
0.02 0.33
0.07 0.02
0.33 0.19
0.31 0.08
0.31 0.13
0.05 0.18
0.09 0.19
0.04 0.25
0.32 0.19
0.07 0.33
0.32 0.04
0.08 0.22
0.25 0.13
0.09 0.2
0.03 0.28
0.27 0.31
0.06 0.04
0.18 0.35
0.13 0.16
0.22 0.24
0.18 0.09
0.19 0.03
0.23 0.12
0.02 0.21
0.1 0.26
0.08 0.01
0.05 0.34
0.2 0.17
0.13 0.27
0.28 0.15
0.15 0.1
0.03 0.21
0.01 0.32
0.29 0.05
