79
0.67 0.49
0.93 0.83
0.16 0.44
0.4 0.23
0.08 0.41
0.39 0.41
0.27 0.41
0.91 0.86
0.83 0.45
0.47 0.1
0.5 0.01
0.05 0.11
0.04 0.1
0.16 0.41
0.35 0.22
0.3 0.48
0.96 0.37
0.47 0.33
0.31 0.05
0.17 0.46
0.46 0.26
0.39 0.37
0.39 0.49
0.15 0.06
0.1 0.26
0.96 0.03
0.71 0.06
0.25 0.28
0.36 0.38
0.09 0.3
0.98 0.11
0.23 0.12
0.37 0.19
0.33 0.67
0.86 0.06
0.8 0.47
0.26 0.2
0.38 0.44
0.75 0.62
0.32 0.44
0.27 0.33
0.04 0.98
0.32 0.31
0.04 0.03
0.4 0.07
0.88 0.11
0.5 0.11
0.88 0.72
0.63 0.92
0.22 0.91
0.8 0.51
0.33 0.05
1.0 0.9
0.23 0.25
0.22 0.05
0.41 0.49
0.47 0.49
0.36 0.25
0.25 0.2
0.09 0.04
0.07 0.2
0.11 0.36
0.41 0.47
0.4 0.21
0.27 0.02
0.47 0.09
0.17 0.9
0.32 0.5
0.1 0.46
0.97 0.43
0.06 0.9
0.9 0.4
0.04 0.02
0.05 0.4
0.06 0.47
0.01 0.42
0.59 0.69
0.75 0.97
0.77 0.2
