40
0.02 0.09333333333333334
0.19666666666666666 0.17666666666666667
0.10333333333333333 0.3333333333333333
0.02666666666666667 0.30666666666666664
0.04666666666666667 0.2833333333333333
0.013333333333333334 0.22666666666666666
0.22 0.20666666666666667
0.08 0.08
0.11 0.14
0.27 0.12666666666666668
0.3 0.22666666666666666
0.056666666666666664 0.07
0.17 0.06333333333333334
0.04 0.06
0.19333333333333333 0.023333333333333334
0.25666666666666665 0.023333333333333334
0.3 0.24666666666666667
0.18333333333333332 0.32666666666666666
0.19333333333333333 0.3333333333333333
0.08 0.12
0.023333333333333334 0.31666666666666665
0.32 0.33
0.043333333333333335 0.013333333333333334
0.05 0.32666666666666666
0.2966666666666667 0.013333333333333334
0.19666666666666666 0.25666666666666665
0.2633333333333333 0.023333333333333334
0.13 0.05
0.2 0.19
0.33 0.07333333333333333
0.14666666666666667 0.10333333333333333
0.056666666666666664 0.14
0.24666666666666667 0.14
0.013333333333333334 0.18
0.1 0.11
0.02 0.22666666666666666
0.07 0.2733333333333333
0.32666666666666666 0.1
0.31 0.3333333333333333
0.31333333333333335 0.05333333333333334
