59
0.45 0.14
0.33 0.81
0.21 1.0
0.04 0.16
0.5 0.75
0.03 0.74
0.32 0.69
0.86 0.12
0.16 0.83
0.9 0.14
0.04 0.81
0.18 0.78
0.45 0.99
0.28 0.84
0.38 0.01
0.77 0.38
0.34 0.88
0.34 0.67
0.34 0.94
0.28 0.19
0.85 0.78
0.5 0.92
0.41 0.96
0.66 0.12
0.49 0.91
0.29 0.91
0.1 0.7
0.35 0.76
0.73 0.55
0.69 0.97
0.4 0.88
0.81 0.81
0.1 0.91
0.21 0.79
0.88 0.2
0.39 0.72
0.57 0.8
0.35 0.67
0.37 0.78
0.08 0.99
0.18 0.9
0.1 0.98
0.02 0.86
0.39 0.49
0.39 0.66
0.97 0.53
0.79 0.51
0.32 0.74
0.23 0.29
0.45 0.81
0.36 0.91
0.17 0.79
0.05 0.67
0.68 0.8
0.67 0.22
0.24 0.79
0.27 0.96
0.31 0.92
0.3 0.79
