77
0.25 0.2
0.31 0.12
0.13 0.18
0.03 0.11
0.09 0.1
0.16 0.11
0.18 0.21
0.25 0.27
0.2 0.22
0.35 0.16
0.08 0.28
0.27 0.18
0.19 0.31
0.28 0.14
0.01 0.34
0.06 0.3
0.14 0.19
0.12 0.35
0.29 0.13
0.03 0.09
0.25 0.19
0.19 0.16
0.29 0.19
0.05 0.24
0.11 0.04
0.22 0.13
0.06 0.11
0.17 0.27
0.06 0.21
0.02 0.02
0.14 0.25
0.27 0.14
0.01 0.14
0.13 0.07
0.15 0.27
0.01 0.09
0.15 0.1
0.03 0.25
0.18 0.31
0.32 0.05
0.08 0.24
0.23 0.03
0.26 0.07
0.15 0.09
0.3 0.29
0.23 0.27
0.23 0.13
0.05 0.04
0.21 0.33
0.34 0.01
0.16 0.34
0.21 0.22
0.12 0.09
0.29 0.14
0.24 0.32
0.26 0.02
0.1 0.13
0.28 0.26
0.08 0.14
0.27 0.31
0.35 0.04
0.27 0.1
0.12 0.34
0.08 0.02
0.13 0.27
0.33 0.22
0.19 0.2
0.01 0.27
0.22 0.29
0.31 0.22
0.26 0.12
0.12 0.21
0.11 0.08
0.18 0.17
0.05 0.32
0.12 0.07
0.35 0.28
