99
0.31 0.27
0.08 0.08
0.32 0.04
0.29 0.2
0.07 0.08
0.2 0.33
0.29 0.33
0.08 0.28
0.1 0.13
0.31 0.31
0.11 0.32
0.02 0.11
0.01 0.13
0.16 0.2
0.31 0.3
0.07 0.14
0.23 0.28
0.27 0.33
0.15 0.01
0.32 0.21
0.25 0.2
0.26 0.06
0.08 0.33
0.25 0.27
0.03 0.31
0.21 0.3
0.27 0.19
0.18 0.06
0.01 0.11
0.34 0.35
0.18 0.12
0.02 0.26
0.18 0.14
0.02 0.32
0.1 0.06
0.03 0.13
0.23 0.02
0.21 0.05
0.26 0.3
0.12 0.27
0.33 0.25
0.15 0.33
0.02 0.35
0.12 0.29
0.07 0.2
0.29 0.29
0.29 0.17
0.01 0.26
0.24 0.07
0.12 0.25
0.32 0.18
0.2 0.05
0.33 0.17
0.3 0.28
0.19 0.22
0.2 0.29
0.29 0.23
0.19 0.23
0.1 0.26
0.31 0.03
0.22 0.1
0.01 0.07
0.35 0.02
0.27 0.15
0.3 0.07
0.06 0.21
0.33 0.06
0.26 0.28
0.14 0.24
0.07 0.16
0.23 0.32
0.24 0.12
0.18 0.1
0.23 0.21
0.02 0.2
0.31 0.24
0.25 0.3
0.16 0.12
0.11 0.22
0.29 0.24
0.32 0.23
0.27 0.05
0.35 0.01
0.15 0.19
0.11 0.08
0.08 0.34
0.35 0.35
0.32 0.3
0.18 0.16
0.23 0.35
0.2 0.02
0.3 0.17
0.12 0.19
0.1 0.28
0.09 0.03
0.04 0.24
0.02 0.03
0.25 0.09
0.32 0.12
