59
0.71 0.22
0.61 0.79
0.65 0.55
0.75 0.21
0.75 0.67
0.44 0.76
0.88 0.56
0.52 0.61
0.04 0.24
0.38 0.12
0.73 0.69
0.51 0.65
0.95 0.93
0.96 0.21
0.19 0.96
0.14 0.3
0.97 0.73
0.61 0.92
0.77 0.8
0.87 0.56
0.1 0.15
0.41 0.24
0.97 0.77
0.81 0.45
0.86 0.68
0.81 0.67
0.77 0.87
0.19 0.44
0.23 0.89
0.84 0.73
0.8 0.08
0.84 0.06
0.8 0.1
0.48 0.41
0.83 0.41
0.97 0.78
0.81 0.99
0.91 0.85
0.28 0.14
0.53 0.99
0.11 0.72
0.69 0.91
0.71 0.59
0.87 0.6
0.72 0.13
0.58 0.58
0.76 0.68
0.33 0.89
0.7 0.76
0.59 0.88
0.43 0.92
0.9 0.69
0.93 0.51
0.72 0.79
0.71 0.69
0.58 0.66
0.77 0.89
0.97 0.82
0.61 0.62
