59
0.78 0.82
0.25 0.26
0.4 0.88
0.94 0.96
0.79 0.86
0.65 0.95
0.96 0.92
0.9 0.71
0.92 0.5
0.68 0.75
0.64 0.63
0.99 0.57
0.76 0.29
0.88 0.19
0.45 0.98
0.69 0.56
0.51 0.67
0.58 0.72
0.36 0.42
0.51 0.66
0.99 0.68
0.97 0.89
0.4 0.48
0.45 0.92
0.57 0.8
0.96 0.66
0.54 0.65
0.5 0.72
0.29 0.68
0.57 0.55
0.81 0.96
0.67 0.67
0.6 0.9
0.8 0.56
0.69 0.87
0.46 0.82
0.54 0.87
0.64 0.69
0.69 0.9
0.86 0.93
0.6 0.96
0.6 0.94
0.8 0.54
0.88 0.73
0.85 0.17
0.68 0.8
0.68 0.32
0.02 0.76
0.57 0.99
0.88 0.77
0.89 0.69
0.77 0.68
0.98 0.93
0.85 0.69
0.64 0.83
0.5 0.99
0.62 0.57
0.94 0.81
0.63 0.6
