79
0.6 0.69
0.84 0.31
0.18 0.91
0.78 0.55
0.77 0.81
0.57 0.83
0.9 0.53
0.65 0.62
0.54 0.53
0.51 0.96
0.73 0.82
0.65 0.82
0.95 0.89
0.56 0.71
0.79 0.23
0.76 0.63
0.47 0.35
0.73 0.57
0.76 0.75
0.99 0.55
0.59 0.93
0.51 0.56
0.33 0.72
0.34 0.13
0.42 0.77
0.83 0.15
0.79 0.75
0.7 0.94
0.94 0.88
0.68 0.51
0.87 0.53
0.68 0.87
0.57 0.71
0.72 0.5
0.56 0.93
0.78 0.92
0.83 0.66
0.88 0.6
0.87 0.93
1.0 0.57
0.2 0.82
0.65 0.83
0.8 0.55
0.88 0.36
0.68 0.92
0.53 0.66
0.35 0.3
0.78 0.75
0.78 0.71
0.54 0.62
0.5 0.66
0.84 0.77
1.0 0.63
0.66 0.69
0.85 0.14
0.52 0.9
0.34 0.17
0.91 0.88
0.67 0.72
0.82 0.64
0.79 0.82
0.76 0.68
0.19 0.96
0.24 0.01
0.86 0.58
0.73 0.6
0.31 0.26
0.76 0.99
0.54 0.97
0.33 0.75
0.06 0.8
0.92 0.58
0.84 0.97
0.03 0.86
0.92 0.76
0.68 0.79
0.27 0.09
0.85 0.57
0.93 0.44
