80
0.76 0.28
0.9 0.2
0.5 0.66
0.77 0.63
0.12 0.27
0.22 0.89
0.01 0.69
0.19 0.89
0.78 0.37
0.19 0.73
0.15 0.81
0.23 0.76
0.38 0.72
0.79 0.98
0.89 1.0
0.38 0.09
0.19 0.44
0.5 0.99
0.26 0.93
0.15 0.75
0.11 0.93
0.83 0.58
0.24 0.94
0.04 0.87
0.65 0.96
0.27 0.87
0.34 0.68
0.04 0.72
0.87 0.15
0.34 0.76
0.69 0.29
0.16 1.0
0.08 0.97
0.66 0.12
0.39 0.76
0.9 0.51
0.48 0.92
0.31 0.79
0.34 0.75
0.25 0.76
0.48 0.95
0.22 0.92
0.41 0.82
0.22 0.93
0.11 0.71
0.25 0.79
0.09 0.45
0.31 0.84
0.35 0.35
0.39 0.74
0.39 0.85
0.5 0.75
0.21 0.82
0.16 0.77
0.3 0.81
0.33 0.9
0.18 0.82
0.53 0.83
0.34 0.86
0.27 0.71
0.27 0.91
0.52 0.6
0.48 0.98
0.32 0.94
0.99 0.11
0.75 0.5
0.83 0.27
0.49 0.91
0.3 0.98
0.37 0.66
0.62 0.68
0.28 0.96
0.24 0.96
0.8 0.14
0.13 0.8
0.18 0.12
0.3 0.67
0.18 0.38
0.25 0.37
0.2 0.42
