80
0.23666666666666666 0.19
0.29 0.11333333333333333
0.12 0.17333333333333334
0.02666666666666667 0.1
0.08666666666666667 0.09
0.14666666666666667 0.09666666666666666
0.17 0.2
0.23666666666666666 0.25
0.19 0.21
0.3333333333333333 0.15
0.07 0.2633333333333333
0.25666666666666665 0.17333333333333334
0.18333333333333332 0.2866666666666667
0.26 0.13
0.006666666666666667 0.3233333333333333
0.05 0.27666666666666667
0.13333333333333333 0.18
0.11 0.32666666666666666
0.2733333333333333 0.12
0.03 0.08666666666666667
0.23333333333333334 0.18
0.18 0.15
0.27666666666666667 0.17666666666666667
0.04 0.22333333333333333
0.10666666666666667 0.03
0.21 0.12
0.20333333333333334 0.11666666666666667
0.05 0.1
0.16 0.25
0.05 0.2
0.016666666666666666 0.02
0.13333333333333333 0.23333333333333334
0.25333333333333335 0.13333333333333333
0.0033333333333333335 0.12666666666666668
0.12333333333333334 0.06666666666666667
0.14 0.25
0.006666666666666667 0.08666666666666667
0.13666666666666666 0.09
0.043333333333333335 0.22333333333333333
0.03 0.23
0.16666666666666666 0.2966666666666667
0.30333333333333334 0.05
0.07333333333333333 0.23
0.21666666666666667 0.023333333333333334
0.25 0.06
0.13666666666666666 0.08
0.2833333333333333 0.27
0.21333333333333335 0.25666666666666665
0.21666666666666667 0.11666666666666667
0.04 0.03666666666666667
0.19666666666666666 0.30666666666666664
0.32 0.006666666666666667
0.14666666666666667 0.32
0.2 0.21
0.10666666666666667 0.08333333333333333
0.27666666666666667 0.12666666666666668
0.22333333333333333 0.3
0.24666666666666667 0.013333333333333334
0.09 0.11666666666666667
0.26666666666666666 0.24333333333333335
0.07333333333333333 0.12666666666666668
0.25666666666666665 0.29333333333333333
0.32666666666666666 0.03666666666666667
0.25333333333333335 0.09666666666666666
0.10666666666666667 0.3233333333333333
0.07666666666666666 0.016666666666666666
0.12 0.25
0.31333333333333335 0.20666666666666667
0.17666666666666667 0.18333333333333332
0.0033333333333333335 0.25666666666666665
0.20333333333333334 0.27666666666666667
0.2966666666666667 0.20333333333333334
0.24333333333333335 0.11666666666666667
0.11666666666666667 0.19666666666666666
0.10333333333333333 0.07666666666666666
0.16666666666666666 0.16
0.04666666666666667 0.30333333333333334
0.26 0.13333333333333333
0.11 0.06
0.33 0.2633333333333333
