98
0.03 0.3
0.02 0.3
0.19 0.15
0.15 0.28
0.32 0.18
0.21 0.15
0.12 0.29
0.12 0.07
0.07 0.17
0.28 0.31
0.11 0.34
0.13 0.21
0.28 0.01
0.3 0.27
0.03 0.27
0.13 0.08
0.33 0.23
0.13 0.35
0.18 0.16
0.21 0.21
0.07 0.1
0.07 0.27
0.29 0.21
0.21 0.22
0.16 0.05
0.2 0.02
0.09 0.2
0.32 0.26
0.03 0.18
0.22 0.02
0.28 0.32
0.05 0.01
0.2 0.2
0.09 0.05
0.27 0.21
0.02 0.06
0.09 0.15
0.34 0.09
0.03 0.29
0.29 0.27
0.25 0.33
0.24 0.19
0.33 0.06
0.01 0.24
0.3 0.12
0.22 0.22
0.31 0.18
0.2 0.06
0.3 0.06
0.11 0.13
0.29 0.02
0.23 0.26
0.1 0.11
0.24 0.35
0.35 0.13
0.29 0.1
0.02 0.35
0.32 0.02
0.33 0.12
0.01 0.03
0.13 0.29
0.21 0.16
0.18 0.07
0.14 0.22
0.28 0.21
0.21 0.13
0.35 0.17
0.2 0.29
0.08 0.22
0.05 0.15
0.32 0.04
0.14 0.32
0.3 0.14
0.28 0.16
0.05 0.1
0.04 0.16
0.09 0.3
0.15 0.24
0.32 0.19
0.09 0.11
0.11 0.06
0.11 0.25
0.28 0.29
0.25 0.25
0.08 0.33
0.33 0.14
0.24 0.1
0.26 0.07
0.22 0.01
0.28 0.19
0.3 0.25
0.11 0.23
0.14 0.33
0.23 0.16
0.34 0.15
0.2 0.14
0.35 0.09
0.06 0.08
