100
0.96 0.98
0.08 0.78
0.09 0.46
0.91 0.99
0.74 0.71
0.52 0.82
0.93 0.75
0.91 0.68
0.15 0.07
0.58 0.58
0.9 0.66
0.04 0.66
0.67 0.53
0.76 0.96
0.98 0.69
0.77 0.94
0.81 0.62
0.55 0.95
0.67 0.84
0.61 0.99
0.56 0.83
0.98 0.06
0.99 0.6
0.09 0.76
0.96 0.16
0.99 0.78
0.92 0.99
0.67 0.94
0.93 0.59
0.63 0.62
0.98 0.48
0.38 0.34
0.53 0.64
0.9 0.58
0.75 0.1
0.2 0.9
0.76 0.82
0.27 0.77
0.92 0.82
0.62 0.99
0.1 0.11
0.76 0.85
0.81 0.67
0.68 0.74
0.55 0.5
0.88 0.66
0.83 0.63
0.85 0.6
0.62 0.53
0.6 0.58
0.96 0.71
0.63 0.59
0.82 0.67
0.97 0.13
0.7 0.91
0.68 0.2
0.62 0.93
0.91 0.79
0.57 0.72
0.55 0.91
0.05 0.3
0.99 0.56
0.55 0.65
0.69 0.74
0.58 0.78
0.67 0.96
0.76 0.2
0.94 0.69
0.74 0.89
0.99 0.97
0.37 0.91
0.87 0.27
0.51 0.61
0.42 0.72
0.69 0.64
0.79 0.95
0.41 0.97
0.96 0.83
0.15 0.04
0.9 0.75
0.91 0.9
0.61 0.69
0.7 0.54
0.61 0.66
0.53 0.98
0.4 0.17
0.89 0.68
0.95 0.7
0.77 0.66
0.79 0.76
0.19 0.43
0.9 0.85
0.13 0.98
0.86 0.47
0.6 0.79
0.48 0.73
0.6 0.89
0.93 0.79
0.75 0.27
0.16 1.0
